0.0275309 0.2405814 0.0000995 0.6988504 0.0329378
0.0148013 0.2436398 0.0000992 0.7096273 0.0318324
0.0115918 0.2436106 0.0000989 0.7349420 0.0097567
0.0360822 0.2549117 0.0000990 0.6684466 0.0404605
0.0162698 0.2161244 0.0000990 0.7593371 0.0081697
0.0000991 0.2537008 0.0000991 0.7440005 0.0021004
0.0141264 0.2328879 0.0000987 0.7527883 0.0000987
0.0068445 0.2306477 0.0000989 0.7623100 0.0000989
0.0000992 0.2413818 0.0000992 0.7583205 0.0000992
0.0040556 0.2301537 0.0000995 0.7655918 0.0000995
0.0155911 0.2050554 0.0000995 0.7791545 0.0000995
0.0000993 0.2109492 0.0000993 0.7887528 0.0000993
0.0000991 0.2354700 0.0000991 0.7642326 0.0000991
0.0135749 0.2195023 0.0000994 0.7667241 0.0000994
0.0093362 0.2968959 0.0000995 0.6530509 0.0406175
0.0000994 0.3011614 0.0000994 0.6617458 0.0368939
0.0000990 0.0254366 0.5606474 0.4008304 0.0129865
0.0000996 0.0000996 0.4619743 0.5377269 0.0000996
0.0090000 0.0000996 0.4347358 0.5560650 0.0000996
0.0550086 0.0000997 0.4397933 0.4914438 0.0136546
0.0000994 0.0000994 0.5330456 0.4666561 0.0000994
0.0613035 0.0000997 0.3659174 0.5310836 0.0415958
0.0000996 0.0000996 0.4775166 0.4992495 0.0230347
0.0000997 0.0000997 0.4650931 0.4842823 0.0504253
0.0015352 0.7150226 0.0000996 0.1901550 0.0931877
0.0180933 0.5688697 0.0000998 0.1774081 0.2355292
0.0032743 0.6180143 0.0000997 0.2079448 0.1706670
0.0000998 0.6252293 0.0148246 0.1485584 0.2112880
0.0145509 0.6496328 0.0000995 0.1420620 0.1936549
0.0256661 0.7354182 0.0000989 0.0914097 0.1474070
0.0309164 0.7005754 0.0000982 0.1305967 0.1378134
0.0000997 0.7275030 0.0049336 0.0881633 0.1793004
0.0745185 0.5780509 0.0000982 0.1560543 0.1912782
0.1349782 0.4763862 0.0173616 0.2238306 0.1474434
0.0682892 0.5928501 0.0338370 0.1411588 0.1638648
0.0296526 0.6007100 0.0000985 0.1795744 0.1899645
0.0668676 0.5762175 0.0000994 0.1663464 0.1904691
0.1239395 0.5583841 0.0000987 0.1641086 0.1534691
0.0935094 0.5275640 0.0000986 0.1998486 0.1789794
0.0807667 0.5714548 0.0000989 0.1784059 0.1692738
0.0000994 0.4725689 0.1201115 0.2174006 0.1898196
0.0000994 0.5284354 0.0813959 0.1151300 0.2749392
0.1689999 0.5799764 0.0000986 0.0969321 0.1539929
0.1035797 0.5627958 0.0828062 0.2052010 0.0456172
0.0844810 0.4619588 0.0615086 0.2770987 0.1149529
0.0000996 0.5897664 0.0332190 0.1602002 0.2167148
0.0000997 0.5926687 0.0809543 0.1324434 0.1938339
0.4064719 0.3971248 0.0000969 0.0079296 0.1883769
0.1697308 0.3871524 0.3898708 0.0531461 0.0000999
0.1957575 0.4051467 0.1084955 0.1438554 0.1467448
0.1826170 0.2561976 0.1854458 0.1128142 0.2629255
0.0000997 0.5006977 0.2924739 0.0897876 0.1169411
0.2649266 0.2593935 0.1247482 0.0866857 0.2642461
0.0000998 0.5631954 0.1799316 0.1340991 0.1226740
0.0708443 0.5899950 0.1452221 0.0374017 0.1565369
0.1515541 0.5201106 0.2353498 0.0928855 0.0000999
0.0936409 0.4124824 0.2507085 0.0039536 0.2392146
0.0976731 0.4000924 0.2145661 0.0670677 0.2206007
0.0987299 0.1817425 0.0000992 0.0234234 0.6960050
0.0346683 0.3541700 0.1906649 0.0782502 0.3422466
0.0104191 0.0830933 0.0032425 0.0120378 0.8912073
0.0001005 0.0001005 0.0075955 0.0001005 0.9921031
0.0001005 0.0001005 0.0113391 0.0001005 0.9883596
0.2509674 0.4814402 0.0352965 0.0947323 0.1375636
0.2648554 0.5786846 0.0540904 0.0205536 0.0818160
0.0421638 0.8269643 0.0843420 0.0464298 0.0001002
0.0922056 0.7601207 0.1474730 0.0001003 0.0001003
0.4004782 0.4019328 0.0000969 0.0113868 0.1861053
0.0429143 0.8451238 0.1117600 0.0001010 0.0001010
0.0777287 0.6394530 0.0070516 0.1390493 0.1367175
0.0350200 0.7825337 0.1822457 0.0001003 0.0001003
0.0000996 0.5569077 0.3541137 0.0000996 0.0887794
0.0866099 0.4717885 0.2922801 0.0302387 0.1190828
0.0813053 0.3771387 0.1793580 0.1574061 0.2047919
0.0996326 0.3542967 0.1851113 0.0728541 0.2881053
0.0000996 0.4532031 0.2056365 0.0801210 0.2609397
0.0000997 0.3549433 0.2735343 0.0687519 0.3026708
0.2564368 0.2742263 0.3033914 0.0308557 0.1350898
0.0889498 0.3391464 0.2455787 0.0998797 0.2264453
0.0627628 0.2674831 0.6695530 0.0001005 0.0001005
0.0154769 0.2876475 0.6966740 0.0001008 0.0001008
0.0000997 0.5661886 0.2483014 0.0000997 0.1853107
0.0658283 0.6192957 0.2675820 0.0240612 0.0232329
0.0379454 0.4481944 0.1815557 0.0454797 0.2868248
0.0503582 0.5409124 0.4085284 0.0001005 0.0001005
0.0417254 0.4840904 0.3096493 0.0000999 0.1644350
0.0136368 0.0526912 0.9334711 0.0001005 0.0001005
0.1343625 0.4355470 0.2663223 0.0060995 0.1576687
0.1708030 0.3952060 0.4337907 0.0001001 0.0001001
0.9770499 0.0001004 0.0226488 0.0001004 0.0001004
0.9769390 0.0001005 0.0227597 0.0001005 0.0001005
0.2176636 0.5250091 0.1784080 0.0469366 0.0319828
0.0252730 0.2128112 0.7300650 0.0268311 0.0050197
0.0410461 0.6877139 0.2710396 0.0001002 0.0001002
0.1337613 0.0821197 0.7839183 0.0001004 0.0001004
