0.0014690 0.7414863 0.2570447
0.0000994 0.7539074 0.2459932
0.0000991 0.7764617 0.2234392
0.0000995 0.7112497 0.2886508
0.0000991 0.7980140 0.2018869
0.0000992 0.7899289 0.2099719
0.0000989 0.7975915 0.2023096
0.0000990 0.8108160 0.1890849
0.0000994 0.8174676 0.1824330
0.0000996 0.8148727 0.1850277
0.0000998 0.8311664 0.1687338
0.0000996 0.8501420 0.1497584
0.0000992 0.8113700 0.1885308
0.0000996 0.8151968 0.1847036
0.0000997 0.7011891 0.2987112
0.0000995 0.7155888 0.2843117
0.5536957 0.4462047 0.0000996
0.4654093 0.5344911 0.0000996
0.4446918 0.5552086 0.0000996
0.4883787 0.5115217 0.0000996
0.5322235 0.4676770 0.0000996
0.4247342 0.5751662 0.0000996
0.4920167 0.5078837 0.0000996
0.4879872 0.5119132 0.0000996
0.0000994 0.2621387 0.7377620
0.0067069 0.2401321 0.7531610
0.0000998 0.2772547 0.7226455
0.0107433 0.2259264 0.7633303
0.0000997 0.2094789 0.7904214
0.0000991 0.1575594 0.8423415
0.0000984 0.1931385 0.8067631
0.0000995 0.1853748 0.8145257
0.0000992 0.2153814 0.7845194
0.0635888 0.2591167 0.6772945
0.0609075 0.1971350 0.7419575
0.0000990 0.2415205 0.7583806
0.0108894 0.2265816 0.7625290
0.0076154 0.2189011 0.7734835
0.0000998 0.2589169 0.7409832
0.0011633 0.2390194 0.7598173
0.1157694 0.3054792 0.5787515
0.0740908 0.2060220 0.7198872
0.0182103 0.1482077 0.8335820
0.1208981 0.2532794 0.6258225
0.0938719 0.3207225 0.5854056
0.0217924 0.2512046 0.7270030
0.0807285 0.2087502 0.7105212
0.0211898 0.0296387 0.9491714
0.4626823 0.0763387 0.4609791
0.1821498 0.1726920 0.6451582
0.2589238 0.1337716 0.6073045
0.3001192 0.1542881 0.5455927
0.2233994 0.0985318 0.6780688
0.1868650 0.1976481 0.6154869
0.1774300 0.0885415 0.7340285
0.3005558 0.1339499 0.5654944
0.2945655 0.0403044 0.6651301
0.2584536 0.1051206 0.6364258
0.0134259 0.0666882 0.9198860
0.2128966 0.1217319 0.6653716
0.0000998 0.0601757 0.9397245
0.0073121 0.0036406 0.9890472
0.0120050 0.0020104 0.9859846
0.1242378 0.1222697 0.7534925
0.1476513 0.0480937 0.8042550
0.1075060 0.1401186 0.7523754
0.2068629 0.0290939 0.7640432
0.0187831 0.0343168 0.9469001
0.1725585 0.0001001 0.8273413
0.0344710 0.1965644 0.7689646
0.2154017 0.0414240 0.7431743
0.3616272 0.0605769 0.5777960
0.3335441 0.0706602 0.5957958
0.2171289 0.1976074 0.5852636
0.2313172 0.1102807 0.6584021
0.2130954 0.1465430 0.6403615
0.2856958 0.1243677 0.5899366
0.4037251 0.0420735 0.5542014
0.2876192 0.1335117 0.5788691
0.7286290 0.0001002 0.2712708
0.7459056 0.0001004 0.2539940
0.2578872 0.0261745 0.7159383
0.2993632 0.0755222 0.6251146
0.2044238 0.0950947 0.7004815
0.4604492 0.0001001 0.5394506
0.3380130 0.0377122 0.6242748
0.9804366 0.0001002 0.0194632
0.3239383 0.0402962 0.6357656
0.5140591 0.0001000 0.4858409
0.3731113 0.0001006 0.6267880
0.3794300 0.0001006 0.6204694
0.2606206 0.0770094 0.6623700
0.7630114 0.0493979 0.1875907
0.3069171 0.0284616 0.6646213
0.8552387 0.0001003 0.1446610
