0.8778700 0.1782077 0.1445981 0.1654231 0.1497914 0.1437215 0.1478330 0.1533623 0.1473672 0.1441016 0.1453740 0.1525796 0.1425817 0.1412099 0.1347805 0.1369579 0.0306777 0.0530373 0.0549962 0.0504934 0.0458005 0.0702551 0.0487043 0.0532904 0.0687379 0.0641493 0.0682504 0.0525723 0.0566673 0.0537947 0.0655251 0.0504312 0.0672681 0.0564746 0.0527422 0.0693062 0.0610194 0.0605407 0.0688551 0.0633826 0.0522428 0.0442713 0.0496467 0.0491213 0.0642097 0.0580590 0.0481908 0.0361032 -0.0136223 0.0361057 0.0189241 0.0069552 0.0166828 0.0305214 0.0194067 0.0086333 -0.0024695 0.0072142 0.0378164 0.0199566 0.0376612 0.0203039 0.0188240 0.0396360 0.0174025 0.0357008 0.0081003 0.0371636 0.0044206 0.0517395 0.0113909 -0.0093066 -0.0020859 0.0337167 0.0175588 0.0185666 0.0113982 -0.0103852 0.0115001 -0.0712430 -0.0816244 -0.0006431 0.0050961 0.0174708 -0.0325440 -0.0077136 -0.1229176 -0.0001536 -0.0357851 -0.0162760 -0.0165791 0.0130318 -0.0679459 -0.0028864 -0.1036806 -0.2738698 -0.2769126 -0.2759399 -0.2737661 -0.2734064 -0.2726730 -0.2731348 -0.2741894 -0.2756025 -0.2773261 -0.2795454 -0.2783838 -0.2783168 -0.2792869 -0.2797064 -0.2784789 -0.2821025 -0.2780637
0.1782077 0.8849310 0.1474359 0.1749840 0.1516136 0.1503052 0.1528550 0.1554609 0.1500061 0.1480725 0.1512239 0.1543770 0.1511034 0.1462348 0.1377238 0.1418190 0.0275782 0.0568297 0.0597460 0.0534170 0.0423500 0.0691187 0.0511754 0.0483520 0.0705651 0.0659067 0.0718647 0.0561216 0.0601133 0.0573114 0.0680497 0.0559184 0.0670355 0.0582692 0.0533067 0.0713887 0.0619901 0.0643148 0.0723446 0.0671801 0.0560263 0.0464695 0.0506767 0.0533609 0.0655304 0.0608776 0.0458184 0.0326737 -0.0147118 0.0406849 0.0190218 0.0069690 0.0172762 0.0302048 0.0204657 0.0085389 -0.0044449 0.0091479 0.0400104 0.0222021 0.0376079 0.0239540 0.0228191 0.0398672 0.0207996 0.0373631 0.0119829 0.0343729 0.0043095 0.0533734 0.0122883 -0.0090721 -0.0016487 0.0334185 0.0185513 0.0245202 0.0097188 -0.0125721 0.0140028 -0.0751864 -0.0830006 -0.0001620 0.0051637 0.0160260 -0.0361224 -0.0059604 -0.1253771 0.0027236 -0.0376959 -0.0215265 -0.0229631 0.0143131 -0.0706097 0.0009642 -0.1050484 -0.2822365 -0.2862065 -0.2838859 -0.2817845 -0.2823277 -0.2823877 -0.2813936 -0.2857258 -0.2850032 -0.2867058 -0.2863879 -0.2889001 -0.2867336 -0.2880031 -0.2874410 -0.2876081 -0.2912106 -0.2872508
0.1445981 0.1474359 0.8803762 0.1441322 0.1895188 0.1829209 0.2009336 0.1907906 0.1539941 0.1527859 0.1541172 0.1570491 0.1532398 0.1503528 0.1425203 0.1445995 0.0352694 0.0556866 0.0645850 0.0517761 0.0473246 0.0723343 0.0537550 0.0523057 0.0688369 0.0648283 0.0730522 0.0595574 0.0587806 0.0582325 0.0701354 0.0537260 0.0692540 0.0585501 0.0554066 0.0747039 0.0659210 0.0611155 0.0714011 0.0692721 0.0602144 0.0495301 0.0487647 0.0505966 0.0687434 0.0650572 0.0483933 0.0317125 -0.0186952 0.0347783 0.0217250 0.0057905 0.0174610 0.0304968 0.0195127 0.0080634 -0.0020605 0.0067313 0.0352899 0.0203022 0.0370970 0.0203754 0.0203143 0.0340156 0.0146770 0.0305690 0.0077708 0.0328239 0.0021645 0.0496380 0.0101988 -0.0087133 -0.0029137 0.0347831 0.0202048 0.0206553 0.0088958 -0.0149291 0.0126678 -0.0789885 -0.0903378 -0.0003642 0.0066147 0.0153774 -0.0374091 -0.0063184 -0.1246789 -0.0065569 -0.0405045 -0.0232013 -0.0240649 0.0113860 -0.0730969 -0.0027937 -0.1099834 -0.2847956 -0.2888879 -0.2876085 -0.2834369 -0.2834284 -0.2829310 -0.2845334 -0.2852627 -0.2876863 -0.2892444 -0.2899642 -0.2908702 -0.2896926 -0.2900376 -0.2909238 -0.2900972 -0.2940100 -0.2912774
0.1654231 0.1749840 0.1441322 0.8858803 0.1447501 0.1442637 0.1442858 0.1504865 0.1456514 0.1400606 0.1457881 0.1468240 0.1400856 0.1410207 0.1334549 0.1365574 0.0304521 0.0530977 0.0573813 0.0484660 0.0405130 0.0664079 0.0492213 0.0507051 0.0699750 0.0633901 0.0704965 0.0584578 0.0592376 0.0562444 0.0665056 0.0534018 0.0684089 0.0572112 0.0544905 0.0688815 0.0621316 0.0646783 0.0699742 0.0662499 0.0552551 0.0473685 0.0549648 0.0533949 0.0673718 0.0603261 0.0467078 0.0360256 -0.0127391 0.0389578 0.0233798 0.0060031 0.0180113 0.0308049 0.0235804 0.0087847 -0.0007910 0.0108413 0.0393940 0.0237794 0.0360995 0.0217423 0.0218346 0.0407586 0.0221459 0.0338157 0.0085758 0.0383166 0.0050465 0.0541416 0.0125138 -0.0057515 -0.0021093 0.0344161 0.0208159 0.0208468 0.0106293 -0.0094007 0.0135465 -0.0725239 -0.0814119 0.0010540 0.0099899 0.0192074 -0.0340125 -0.0070195 -0.1241163 0.0009774 -0.0367373 -0.0159057 -0.0157509 0.0164703 -0.0692932 -0.0002371 -0.1018818 -0.2767763 -0.2796602 -0.2771350 -0.2748774 -0.2765453 -0.2748248 -0.2757266 -0.2778302 -0.2785874 -0.2814583 -0.2810713 -0.2818244 -0.2814437 -0.2812498 -0.2812203 -0.2803163 -0.2851950 -0.2798021
0.1497914 0.1516136 0.1895188 0.1447501 0.8930514 0.1977417 0.2030710 0.2006145 0.1566531 0.1546143 0.1570942 0.1610958 0.1552142 0.1531680 0.1423622 0.1477679 0.0345545 0.0626872 0.0652995 0.0592202 0.0517481 0.0782316 0.0601221 0.0577240 0.0703057 0.0628478 0.0714521 0.0552092 0.0569853 0.0542674 0.0677680 0.0514824 0.0668911 0.0578506 0.0499703 0.0718557 0.0609913 0.0615104 0.0724343 0.0650357 0.0610382 0.0467029 0.0467910 0.0514658 0.0679262 0.0598438 0.0477742 0.0273917 -0.0163459 0.0358503 0.0179624 0.0079537 0.0138757 0.0299558 0.0165103 0.0061096 -0.0056645 0.0057292 0.0332171 0.0136758 0.0340304 0.0201624 0.0166967 0.0347824 0.0177102 0.0328041 0.0054906 0.0282734 0.0000334 0.0533270 0.0070874 -0.0134227 -0.0066488 0.0336147 0.0184159 0.0199770 0.0064409 -0.0165639 0.0109288 -0.0800180 -0.0923979 -0.0036506 0.0019467 0.0127589 -0.0375644 -0.0080563 -0.1250099 -0.0061666 -0.0399217 -0.0220284 -0.0225084 0.0116671 -0.0723228 -0.0083738 -0.1066600 -0.2832476 -0.2853678 -0.2835516 -0.2802761 -0.2812338 -0.2803446 -0.2814795 -0.2820761 -0.2826648 -0.2851894 -0.2876802 -0.2875245 -0.2867844 -0.2877476 -0.2870144 -0.2866011 -0.2916324 -0.2863629
0.1437215 0.1503052 0.1829209 0.1442637 0.1977417 0.8881401 0.1956772 0.1937937 0.1541133 0.1525481 0.1546450 0.1603552 0.1516008 0.1506403 0.1414977 0.1465460 0.0354612 0.0569467 0.0635358 0.0541622 0.0477696 0.0720516 0.0553689 0.0536562 0.0726708 0.0670296 0.0728814 0.0578195 0.0610991 0.0591484 0.0657846 0.0535084 0.0702524 0.0570959 0.0501468 0.0704419 0.0588606 0.0575294 0.0662949 0.0657723 0.0601776 0.0482581 0.0501569 0.0500193 0.0677834 0.0616253 0.0491172 0.0257274 -0.0178967 0.0326014 0.0150046 0.0091903 0.0135277 0.0314054 0.0164105 0.0083073 -0.0080297 0.0055732 0.0337752 0.0172465 0.0373319 0.0209503 0.0200486 0.0358675 0.0158995 0.0342609 0.0059231 0.0267600 0.0038831 0.0531613 0.0063031 -0.0110549 -0.0057269 0.0327647 0.0178629 0.0208923 0.0096801 -0.0191690 0.0124568 -0.0784230 -0.0915973 -0.0002165 0.0059168 0.0158620 -0.0387063 -0.0037479 -0.1238356 -0.0068262 -0.0399494 -0.0334815 -0.0349899 0.0102696 -0.0699569 -0.0078305 -0.1059403 -0.2821055 -0.2839865 -0.2841370 -0.2803715 -0.2805960 -0.2797920 -0.2812493 -0.2831378 -0.2821303 -0.2868780 -0.2860777 -0.2865356 -0.2873970 -0.2879592 -0.2860185 -0.2852533 -0.2889550 -0.2876798
0.1478330 0.1528550 0.2009336 0.1442858 0.2030710 0.1956772 0.8867265 0.2075695 0.1568607 0.1559070 0.1582684 0.1633043 0.1546172 0.1564032 0.1417524 0.1491255 0.0315334 0.0583480 0.0655879 0.0582672 0.0482281 0.0734485 0.0562951 0.0505086 0.0712245 0.0661468 0.0728736 0.0587371 0.0594458 0.0594885 0.0682555 0.0543350 0.0710220 0.0599928 0.0549456 0.0737442 0.0607452 0.0631637 0.0727940 0.0716506 0.0603041 0.0462198 0.0504393 0.0521411 0.0674098 0.0602856 0.0482249 0.0304503 -0.0160641 0.0360505 0.0194588 0.0061471 0.0155866 0.0311758 0.0159303 0.0084945 -0.0029430 0.0054885 0.0337957 0.0128820 0.0338980 0.0211844 0.0188341 0.0388175 0.0207664 0.0362578 0.0097345 0.0323712 0.0026067 0.0556907 0.0085277 -0.0116896 -0.0052308 0.0347606 0.0200337 0.0214008 0.0082725 -0.0142031 0.0119151 -0.0795011 -0.0913912 -0.0020929 0.0065045 0.0133319 -0.0375279 -0.0059652 -0.1301595 -0.0064117 -0.0399808 -0.0191292 -0.0202869 0.0110520 -0.0748652 -0.0078164 -0.1111820 -0.2911676 -0.2951823 -0.2928662 -0.2911631 -0.2910469 -0.2886449 -0.2919779 -0.2931681 -0.2928821 -0.2961308 -0.2961050 -0.2981878 -0.2955548 -0.2976662 -0.2966674 -0.2971662 -0.2973498 -0.2965711
0.1533623 0.1554609 0.1907906 0.1504865 0.2006145 0.1937937 0.2075695 0.8954384 0.1616451 0.1568465 0.1614799 0.1684100 0.1568055 0.1583944 0.1467830 0.1496328 0.0356992 0.0593711 0.0704001 0.0600126 0.0519765 0.0795229 0.0597754 0.0534580 0.0708615 0.0667349 0.0716904 0.0570218 0.0583283 0.0555186 0.0670982 0.0531543 0.0707459 0.0593809 0.0525417 0.0733109 0.0618339 0.0626865 0.0720508 0.0684655 0.0610629 0.0458228 0.0501448 0.0529433 0.0661724 0.0623673 0.0466865 0.0299517 -0.0172422 0.0359392 0.0160737 0.0099851 0.0140191 0.0316101 0.0182906 0.0069964 -0.0051718 0.0024074 0.0305572 0.0161770 0.0346154 0.0181345 0.0165265 0.0345079 0.0169302 0.0343414 0.0058188 0.0306001 0.0025542 0.0526630 0.0078747 -0.0111141 -0.0058333 0.0363776 0.0179196 0.0209224 0.0084720 -0.0163576 0.0117701 -0.0801359 -0.0924132 -0.0043546 0.0054411 0.0143667 -0.0358616 -0.0076193 -0.1278571 -0.0030172 -0.0410222 -0.0217314 -0.0228920 0.0115758 -0.0732547 -0.0055940 -0.1077298 -0.2892334 -0.2921318 -0.2901765 -0.2872066 -0.2884353 -0.2873974 -0.2887224 -0.2905814 -0.2912182 -0.2930639 -0.2944677 -0.2937314 -0.2942198 -0.2943347 -0.2944557 -0.2932622 -0.2973838 -0.2938125
0.1473672 0.1500061 0.1539941 0.1456514 0.1566531 0.1541133 0.1568607 0.1616451 0.8957935 0.1884020 0.1976253 0.1947114 0.1913648 0.1857972 0.1491276 0.1542828 0.0362355 0.0613437 0.0666156 0.0626136 0.0507522 0.0760368 0.0615005 0.0569206 0.0717468 0.0629729 0.0711554 0.0588699 0.0590743 0.0568688 0.0658595 0.0553410 0.0681508 0.0575669 0.0502521 0.0707590 0.0603256 0.0601715 0.0677572 0.0656279 0.0595627 0.0423127 0.0463210 0.0557332 0.0699420 0.0618198 0.0513139 0.0280602 -0.0183003 0.0339402 0.0195338 0.0029686 0.0114609 0.0310812 0.0217737 0.0074999 -0.0070244 0.0083063 0.0320610 0.0178103 0.0338348 0.0199490 0.0197970 0.0328867 0.0143492 0.0352683 0.0067675 0.0293159 0.0013055 0.0537376 0.0080572 -0.0102698 -0.0009187 0.0318966 0.0163456 0.0191355 0.0037929 -0.0168329 0.0120099 -0.0794650 -0.0873806 -0.0009739 -0.0008554 0.0167424 -0.0407813 -0.0094229 -0.1211177 -0.0031045 -0.0416797 -0.0364921 -0.0363716 0.0114669 -0.0733079 -0.0056444 -0.1089596 -0.2851197 -0.2873229 -0.2847319 -0.2824337 -0.2825944 -0.2827380 -0.2839389 -0.2853581 -0.2861320 -0.2874914 -0.2892780 -0.2877750 -0.2887393 -0.2893718 -0.2879525 -0.2894144 -0.2941455 -0.2881830
0.1441016 0.1480725 0.1527859 0.1400606 0.1546143 0.1525481 0.1559070 0.1568465 0.1884020 0.8909456 0.1858672 0.1915970 0.1996979 0.1846446 0.1417800 0.1489398 0.0340784 0.0601645 0.0631704 0.0625529 0.0509929 0.0747204 0.0596267 0.0584087 0.0677448 0.0615770 0.0674144 0.0568848 0.0562929 0.0521664 0.0623493 0.0504908 0.0664621 0.0558831 0.0503381 0.0699836 0.0557305 0.0572273 0.0687484 0.0655351 0.0550610 0.0422479 0.0461458 0.0542945 0.0662110 0.0571786 0.0460497 0.0286592 -0.0197209 0.0341834 0.0175275 0.0075087 0.0129204 0.0318077 0.0150035 0.0076391 -0.0069941 0.0045297 0.0303310 0.0158749 0.0317657 0.0169789 0.0145390 0.0307395 0.0159530 0.0323896 0.0042923 0.0292340 -0.0010213 0.0480874 0.0047748 -0.0115542 -0.0032276 0.0297925 0.0142760 0.0179948 0.0039851 -0.0163722 0.0110262 -0.0769062 -0.0897477 -0.0037583 0.0014845 0.0147531 -0.0415394 -0.0079394 -0.1212102 -0.0075098 -0.0412450 -0.0296178 -0.0289496 0.0097984 -0.0711098 -0.0088608 -0.1043350 -0.2779096 -0.2794151 -0.2796862 -0.2746977 -0.2749878 -0.2740749 -0.2770468 -0.2766842 -0.2783304 -0.2799899 -0.2818083 -0.2815461 -0.2801748 -0.2815089 -0.2813508 -0.2808185 -0.2844357 -0.2814546
0.1453740 0.1512239 0.1541172 0.1457881 0.1570942 0.1546450 0.1582684 0.1614799 0.1976253 0.1858672 0.9150826 0.2036302 0.1909811 0.1875813 0.1488700 0.1506927 0.0405002 0.0666845 0.0746695 0.0672235 0.0582402 0.0823116 0.0663186 0.0614003 0.0641451 0.0578402 0.0653887 0.0539775 0.0550469 0.0491660 0.0609635 0.0452062 0.0621743 0.0547927 0.0469910 0.0668526 0.0569470 0.0564013 0.0660719 0.0608886 0.0555230 0.0403439 0.0446450 0.0519253 0.0660616 0.0566587 0.0434857 0.0249272 -0.0181206 0.0311315 0.0187141 0.0023439 0.0114441 0.0259996 0.0148723 0.0057746 -0.0096679 0.0054017 0.0288264 0.0162454 0.0252201 0.0099600 0.0090241 0.0308524 0.0116942 0.0297156 0.0022374 0.0260334 -0.0047143 0.0447366 0.0016544 -0.0162254 -0.0054419 0.0298048 0.0149523 0.0148158 0.0018575 -0.0153996 0.0062813 -0.0781603 -0.0897209 -0.0088156 0.0009027 0.0106292 -0.0438593 -0.0143726 -0.1192530 -0.0069839 -0.0443280 -0.0250661 -0.0247390 0.0109120 -0.0726146 -0.0077860 -0.1059862 -0.2713667 -0.2747248 -0.2733384 -0.2690157 -0.2705628 -0.2703339 -0.2712124 -0.2724032 -0.2725645 -0.2727679 -0.2759590 -0.2759556 -0.2756069 -0.2772507 -0.2754004 -0.2779330 -0.2817201 -0.2758007
0.1525796 0.1543770 0.1570491 0.1468240 0.1610958 0.1603552 0.1633043 0.1684100 0.1947114 0.1915970 0.2036302 0.9086357 0.1960960 0.1911429 0.1462421 0.1562306 0.0377276 0.0659433 0.0709726 0.0655655 0.0539939 0.0820265 0.0652166 0.0593589 0.0654839 0.0582729 0.0678490 0.0550115 0.0551457 0.0498382 0.0612251 0.0483998 0.0640173 0.0557759 0.0517498 0.0708637 0.0586171 0.0561125 0.0673934 0.0623003 0.0580878 0.0409150 0.0475307 0.0517526 0.0684502 0.0563636 0.0472918 0.0244958 -0.0217629 0.0307133 0.0168333 0.0038598 0.0132810 0.0306145 0.0152194 0.0039823 -0.0085174 0.0088039 0.0286179 0.0135335 0.0266386 0.0122848 0.0114298 0.0296570 0.0134151 0.0297314 0.0041926 0.0260131 -0.0032007 0.0496174 0.0054756 -0.0156621 -0.0051896 0.0277241 0.0121276 0.0176706 0.0026439 -0.0198274 0.0097206 -0.0778401 -0.0904878 -0.0074745 -0.0001245 0.0095720 -0.0461163 -0.0120976 -0.1192094 -0.0088256 -0.0438453 -0.0300151 -0.0304959 0.0064905 -0.0702290 -0.0122374 -0.1084071 -0.2793179 -0.2806641 -0.2793174 -0.2764172 -0.2773717 -0.2772702 -0.2780952 -0.2779193 -0.2809860 -0.2797418 -0.2818862 -0.2823241 -0.2822461 -0.2821615 -0.2815773 -0.2831404 -0.2866935 -0.2830400
0.1425817 0.1511034 0.1532398 0.1400856 0.1552142 0.1516008 0.1546172 0.1568055 0.1913648 0.1996979 0.1909811 0.1960960 0.8971541 0.1922665 0.1453013 0.1498405 0.0321158 0.0608702 0.0655793 0.0594860 0.0500116 0.0760252 0.0597297 0.0554338 0.0679419 0.0620672 0.0724981 0.0570243 0.0587701 0.0545060 0.0647982 0.0529117 0.0686268 0.0570792 0.0485772 0.0707064 0.0612270 0.0612279 0.0708626 0.0641513 0.0569902 0.0431919 0.0484372 0.0567431 0.0672209 0.0603660 0.0508288 0.0255889 -0.0190440 0.0349718 0.0149924 0.0091293 0.0161690 0.0276339 0.0191744 0.0061417 -0.0072684 0.0075771 0.0345647 0.0165008 0.0357885 0.0184004 0.0177270 0.0306363 0.0180293 0.0340095 0.0043393 0.0276841 -0.0004020 0.0507222 0.0065154 -0.0102281 -0.0058257 0.0327230 0.0161892 0.0208959 0.0057284 -0.0154300 0.0118428 -0.0806132 -0.0900558 -0.0042432 -0.0000524 0.0159259 -0.0422707 -0.0099332 -0.1233174 -0.0065272 -0.0423649 -0.0332482 -0.0331933 0.0098263 -0.0745599 -0.0064127 -0.1090452 -0.2826600 -0.2857071 -0.2839986 -0.2788118 -0.2799578 -0.2802594 -0.2821347 -0.2827248 -0.2839222 -0.2850503 -0.2877646 -0.2862521 -0.2875386 -0.2883163 -0.2871156 -0.2866369 -0.2920098 -0.2873842
0.1412099 0.1462348 0.1503528 0.1410207 0.1531680 0.1506403 0.1564032 0.1583944 0.1857972 0.1846446 0.1875813 0.1911429 0.1922665 0.9000905 0.1453434 0.1434667 0.0374954 0.0624162 0.0687014 0.0590710 0.0510499 0.0780337 0.0591484 0.0581261 0.0686627 0.0566420 0.0660288 0.0558708 0.0575177 0.0506956 0.0606119 0.0490141 0.0626270 0.0562476 0.0496317 0.0694334 0.0598963 0.0575630 0.0672501 0.0658614 0.0545871 0.0427926 0.0491843 0.0534274 0.0659909 0.0582024 0.0471957 0.0306554 -0.0175063 0.0339191 0.0177629 0.0050520 0.0134421 0.0269199 0.0176335 0.0082129 -0.0091485 0.0064084 0.0326034 0.0160848 0.0312059 0.0141576 0.0134482 0.0341221 0.0168652 0.0309285 0.0037957 0.0320741 -0.0000997 0.0485459 0.0047238 -0.0149654 -0.0043992 0.0318548 0.0171473 0.0206338 0.0065510 -0.0152660 0.0099683 -0.0785366 -0.0884773 -0.0076062 0.0010325 0.0128650 -0.0423119 -0.0099726 -0.1217898 -0.0067064 -0.0415265 -0.0225562 -0.0226449 0.0124574 -0.0739184 -0.0018042 -0.1071863 -0.2780093 -0.2803283 -0.2789614 -0.2764222 -0.2766779 -0.2754506 -0.2781199 -0.2779536 -0.2795978 -0.2798999 -0.2823017 -0.2823814 -0.2809356 -0.2833415 -0.2826562 -0.2821063 -0.2854343 -0.2832395
0.1347805 0.1377238 0.1425203 0.1334549 0.1423622 0.1414977 0.1417524 0.1467830 0.1491276 0.1417800 0.1488700 0.1462421 0.1453013 0.1453434 0.8775222 0.1389506 0.0285975 0.0487616 0.0536608 0.0431258 0.0388280 0.0664173 0.0453138 0.0444119 0.0703197 0.0671228 0.0750171 0.0607921 0.0629525 0.0606617 0.0713170 0.0564276 0.0715728 0.0581331 0.0590657 0.0715359 0.0628780 0.0664650 0.0713120 0.0693784 0.0588000 0.0502098 0.0528391 0.0556111 0.0658928 0.0664288 0.0480254 0.0361710 -0.0147032 0.0377016 0.0240371 0.0101331 0.0184380 0.0358900 0.0269738 0.0076643 0.0018447 0.0163146 0.0432425 0.0251417 0.0434693 0.0297260 0.0269081 0.0351059 0.0228021 0.0365182 0.0139033 0.0375464 0.0084660 0.0550594 0.0153581 -0.0020260 0.0029353 0.0334346 0.0216610 0.0235354 0.0105231 -0.0118860 0.0158531 -0.0691189 -0.0798654 0.0084607 0.0134237 0.0225737 -0.0302615 -0.0017957 -0.1214697 0.0017166 -0.0349641 -0.0255771 -0.0255691 0.0137934 -0.0666668 -0.0001212 -0.1008419 -0.2780962 -0.2828755 -0.2825511 -0.2788171 -0.2784908 -0.2768185 -0.2809916 -0.2809037 -0.2812440 -0.2841901 -0.2847962 -0.2848021 -0.2845300 -0.2847310 -0.2855512 -0.2850070 -0.2881283 -0.2858032
0.1369579 0.1418190 0.1445995 0.1365574 0.1477679 0.1465460 0.1491255 0.1496328 0.1542828 0.1489398 0.1506927 0.1562306 0.1498405 0.1434667 0.1389506 0.8800116 0.0258386 0.0510790 0.0543089 0.0494724 0.0400423 0.0639133 0.0474184 0.0471954 0.0741030 0.0716551 0.0768102 0.0620803 0.0660416 0.0625947 0.0734364 0.0639044 0.0781595 0.0580100 0.0592150 0.0768266 0.0632116 0.0669163 0.0727653 0.0685598 0.0629363 0.0535718 0.0571076 0.0531286 0.0665143 0.0689210 0.0542842 0.0311994 -0.0141202 0.0359139 0.0230397 0.0107390 0.0167448 0.0373392 0.0251265 0.0068380 -0.0001402 0.0153663 0.0423055 0.0253007 0.0469200 0.0316195 0.0302598 0.0357366 0.0226381 0.0406046 0.0137874 0.0333927 0.0068382 0.0556796 0.0174818 -0.0037387 0.0030452 0.0368592 0.0205290 0.0299086 0.0132252 -0.0141641 0.0157480 -0.0705260 -0.0811773 0.0088416 0.0082004 0.0196368 -0.0304130 -0.0021121 -0.1217913 0.0010283 -0.0361459 -0.0354766 -0.0361127 0.0143558 -0.0495551 -0.0025724 -0.1046750 -0.2832257 -0.2864538 -0.2852896 -0.2795396 -0.2822960 -0.2796488 -0.2828206 -0.2839252 -0.2856042 -0.2869031 -0.2887124 -0.2886702 -0.2884177 -0.2895596 -0.2891844 -0.2891832 -0.2920507 -0.2889687
0.0306777 0.0275782 0.0352694 0.0304521 0.0345545 0.0354612 0.0315334 0.0356992 0.0362355 0.0340784 0.0405002 0.0377276 0.0321158 0.0374954 0.0285975 0.0258386 0.9787432 0.0419966 0.0477295 0.0598446 0.0605932 0.0412672 0.0509312 0.0596298 -0.0134384 -0.0169233 -0.0137734 -0.0087254 -0.0185254 -0.0205666 -0.0228994 -0.0227713 -0.0257427 -0.0096459 -0.0141830 -0.0172301 -0.0142631 -0.0177305 -0.0177059 -0.0179974 0.0020428 -0.0066218 -0.0307787 -0.0159857 -0.0115004 -0.0058177 -0.0070233 -0.0457214 -0.0136958 -0.0275742 -0.0205071 -0.0041516 -0.0383726 -0.0074679 -0.0156444 -0.0225359 -0.0174130 -0.0212712 -0.0325230 -0.0166872 -0.0219084 -0.0296827 -0.0286467 -0.0316838 -0.0365087 -0.0235257 -0.0376265 -0.0445107 -0.0362383 -0.0215148 -0.0305312 -0.0150948 -0.0176949 -0.0153325 -0.0232900 -0.0179404 -0.0146542 -0.0332122 -0.0148330 -0.0212104 -0.0221700 -0.0219841 -0.0177047 -0.0197710 -0.0255211 -0.0276736 0.0011687 -0.0250511 -0.0230046 -0.0840762 -0.0843432 -0.0434229 -0.0063171 -0.0210231 -0.0170201 0.0128902 0.0134468 0.0132925 0.0148248 0.0128845 0.0130128 0.0138434 0.0154787 0.0142196 0.0158287 0.0141112 0.0129389 0.0141525 0.0133185 0.0141110 0.0153384 0.0067080 0.0131000
0.0530373 0.0568297 0.0556866 0.0530977 0.0626872 0.0569467 0.0583480 0.0593711 0.0613437 0.0601645 0.0666845 0.0659433 0.0608702 0.0624162 0.0487616 0.0510790 0.0419966 0.9545875 0.0674489 0.0667898 0.0570688 0.0637364 0.0613073 0.0570690 -0.0004383 -0.0105943 -0.0034268 -0.0088205 -0.0054336 -0.0149894 -0.0110111 -0.0176642 -0.0078339 0.0055059 -0.0111887 -0.0075401 -0.0047761 -0.0052659 -0.0025992 -0.0067962 0.0030563 -0.0182121 -0.0089133 0.0004923 0.0072708 -0.0079125 -0.0094696 -0.0197161 -0.0170693 -0.0106099 -0.0076870 -0.0232508 -0.0179613 -0.0046048 -0.0255034 -0.0157340 -0.0237402 -0.0156586 -0.0250211 -0.0165109 -0.0283729 -0.0389653 -0.0394593 -0.0119549 -0.0189591 -0.0187671 -0.0283535 -0.0194245 -0.0354586 -0.0106440 -0.0270885 -0.0220604 -0.0175443 -0.0058869 -0.0156961 -0.0067889 -0.0198209 -0.0143382 -0.0081108 -0.0314323 -0.0389644 -0.0275241 -0.0149517 -0.0185242 -0.0255515 -0.0178045 -0.0264858 -0.0230046 -0.0245774 -0.0171092 -0.0166479 -0.0157530 -0.0171508 -0.0287853 -0.0254771 -0.0446302 -0.0475492 -0.0466077 -0.0425509 -0.0444315 -0.0446347 -0.0464966 -0.0457199 -0.0440048 -0.0434936 -0.0471061 -0.0483813 -0.0490304 -0.0477637 -0.0464843 -0.0471719 -0.0524266 -0.0456346
0.0549962 0.0597460 0.0645850 0.0573813 0.0652995 0.0635358 0.0655879 0.0704001 0.0666156 0.0631704 0.0746695 0.0709726 0.0655793 0.0687014 0.0536608 0.0543089 0.0477295 0.0674489 0.9694387 0.0705809 0.0709800 0.0723705 0.0639197 0.0641103 -0.0030515 -0.0064472 -0.0000664 -0.0103791 -0.0107590 -0.0178415 -0.0121729 -0.0214406 -0.0106831 0.0048958 -0.0171605 -0.0038954 -0.0082843 -0.0078791 -0.0038125 -0.0022584 -0.0007713 -0.0185003 -0.0141822 -0.0038912 0.0145931 -0.0077609 -0.0135259 -0.0200597 -0.0125764 -0.0072145 -0.0099097 -0.0246103 -0.0128269 -0.0075916 -0.0209329 -0.0082266 -0.0302458 -0.0219596 -0.0298358 -0.0163594 -0.0339200 -0.0429410 -0.0425796 -0.0076716 -0.0222250 -0.0206131 -0.0294425 -0.0180853 -0.0415802 -0.0116284 -0.0351779 -0.0349192 -0.0226345 -0.0059100 -0.0196553 -0.0170051 -0.0209815 -0.0209911 -0.0152731 -0.0311783 -0.0348601 -0.0388251 -0.0141464 -0.0285266 -0.0336622 -0.0254736 -0.0313351 -0.0246048 -0.0376136 -0.0133134 -0.0140582 -0.0181851 -0.0217006 -0.0285692 -0.0351731 -0.0428633 -0.0452049 -0.0455801 -0.0421955 -0.0413652 -0.0428923 -0.0435650 -0.0423216 -0.0448394 -0.0405377 -0.0447107 -0.0466040 -0.0443015 -0.0442512 -0.0460344 -0.0437007 -0.0468957 -0.0464185
0.0504934 0.0534170 0.0517761 0.0484660 0.0592202 0.0541622 0.0582672 0.0600126 0.0626136 0.0625529 0.0672235 0.0655655 0.0594860 0.0590710 0.0431258 0.0494724 0.0598446 0.0667898 0.0705809 1.0015731 0.0656134 0.0838843 0.0848429 0.0653291 -0.0151566 -0.0199061 -0.0158267 -0.0229317 -0.0246943 -0.0311621 -0.0287450 -0.0360712 -0.0208994 -0.0007549 -0.0215450 -0.0169976 -0.0119016 -0.0168703 -0.0128829 -0.0172470 -0.0160770 -0.0319495 -0.0269071 -0.0104999 -0.0003335 -0.0260964 -0.0293192 -0.0189596 -0.0111865 -0.0099590 -0.0101706 -0.0200571 -0.0079642 -0.0172988 -0.0299449 -0.0249546 -0.0319701 -0.0220024 -0.0404514 -0.0224197 -0.0488230 -0.0596126 -0.0606241 -0.0221703 -0.0213932 -0.0304521 -0.0336419 -0.0186182 -0.0491998 -0.0180047 -0.0391647 -0.0413928 -0.0258925 -0.0018837 -0.0196858 -0.0328812 -0.0321486 -0.0221175 -0.0219962 -0.0298194 -0.0497956 -0.0495918 -0.0381812 -0.0279130 -0.0431023 -0.0326990 -0.0151339 -0.0221461 -0.0214476 0.0098686 0.0108695 -0.0187656 -0.0111943 -0.0486913 -0.0186958 -0.0151586 -0.0170990 -0.0157700 -0.0123689 -0.0107412 -0.0154297 -0.0159068 -0.0106355 -0.0120166 -0.0111352 -0.0126468 -0.0140835 -0.0119634 -0.0139398 -0.0120275 -0.0133013 -0.0160501 -0.0163075
0.0458005 0.0423500 0.0473246 0.0405130 0.0517481 0.0477696 0.0482281 0.0519765 0.0507522 0.0509929 0.0582402 0.0539939 0.0500116 0.0510499 0.0388280 0.0400423 0.0605932 0.0570688 0.0709800 0.0656134 1.0036368 0.0719873 0.0686682 0.0689376 -0.0195477 -0.0202572 -0.0121468 -0.0227729 -0.0257780 -0.0351247 -0.0254373 -0.0354360 -0.0303408 -0.0084101 -0.0281357 -0.0230953 -0.0279598 -0.0204466 -0.0202888 -0.0195992 -0.0070920 -0.0254627 -0.0318012 -0.0166850 -0.0070490 -0.0189805 -0.0224232 -0.0443023 -0.0143272 -0.0184917 -0.0234207 -0.0122902 -0.0236705 -0.0221951 -0.0369948 -0.0234771 -0.0327103 -0.0323791 -0.0457028 -0.0268829 -0.0445777 -0.0469352 -0.0490059 -0.0245459 -0.0354759 -0.0339342 -0.0406063 -0.0452747 -0.0484224 -0.0220581 -0.0368904 -0.0300056 -0.0257099 -0.0157807 -0.0257637 -0.0339959 -0.0263617 -0.0177244 -0.0257477 -0.0284255 -0.0339063 -0.0417036 -0.0308929 -0.0255821 -0.0378292 -0.0388107 0.0000334 -0.0280901 -0.0226344 -0.0383480 -0.0390973 -0.0261079 -0.0055290 -0.0276731 -0.0203227 0.0103089 0.0124859 0.0129349 0.0145652 0.0139585 0.0120160 0.0118472 0.0143135 0.0131028 0.0151570 0.0117179 0.0118075 0.0137183 0.0110956 0.0137273 0.0127695 0.0069076 0.0126903
0.0702551 0.0691187 0.0723343 0.0664079 0.0782316 0.0720516 0.0734485 0.0795229 0.0760368 0.0747204 0.0823116 0.0820265 0.0760252 0.0780337 0.0664173 0.0639133 0.0412672 0.0637364 0.0723705 0.0838843 0.0719873 0.9839358 0.0767232 0.0751232 -0.0080898 -0.0056328 -0.0031769 -0.0076162 -0.0152206 -0.0219732 -0.0136515 -0.0249511 -0.0097826 0.0088101 -0.0116860 -0.0066394 -0.0079772 -0.0018619 -0.0056407 -0.0011154 -0.0050969 -0.0250156 -0.0122338 0.0001805 0.0106921 -0.0151740 -0.0177171 -0.0125589 -0.0085740 -0.0069657 -0.0034077 -0.0178743 0.0004512 -0.0137682 -0.0265468 -0.0151889 -0.0340550 -0.0166390 -0.0274594 -0.0169075 -0.0447505 -0.0489696 -0.0502319 -0.0097260 -0.0225109 -0.0237544 -0.0331854 -0.0119173 -0.0409099 -0.0107707 -0.0382110 -0.0367168 -0.0230702 -0.0026992 -0.0181701 -0.0228849 -0.0235574 -0.0074483 -0.0022930 -0.0361849 -0.0508378 -0.0469827 -0.0288416 -0.0198766 -0.0406355 -0.0265756 -0.0347781 -0.0227539 -0.0291846 0.0174453 0.0190322 -0.0138758 -0.0231450 -0.0340685 -0.0331615 -0.0585673 -0.0586939 -0.0598800 -0.0549295 -0.0554362 -0.0586750 -0.0556051 -0.0557742 -0.0578738 -0.0552009 -0.0570230 -0.0566150 -0.0552935 -0.0572507 -0.0551037 -0.0596493 -0.0606542 -0.0587008
0.0487043 0.0511754 0.0537550 0.0492213 0.0601221 0.0553689 0.0562951 0.0597754 0.0615005 0.0596267 0.0663186 0.0652166 0.0597297 0.0591484 0.0453138 0.0474184 0.0509312 0.0613073 0.0639197 0.0848429 0.0686682 0.0767232 0.9822699 0.0679329 -0.0134681 -0.0206921 -0.0156140 -0.0204139 -0.0221591 -0.0280691 -0.0200547 -0.0287631 -0.0216895 -0.0042663 -0.0226884 -0.0205941 -0.0198073 -0.0185776 -0.0180857 -0.0169462 -0.0044580 -0.0230483 -0.0263407 -0.0102340 -0.0060379 -0.0154541 -0.0227462 -0.0333763 -0.0212803 -0.0165415 -0.0129162 -0.0144290 -0.0222620 -0.0158462 -0.0326552 -0.0201382 -0.0374911 -0.0166253 -0.0349695 -0.0211365 -0.0441709 -0.0482217 -0.0473875 -0.0297966 -0.0349599 -0.0261503 -0.0405865 -0.0334112 -0.0475790 -0.0199140 -0.0441595 -0.0319199 -0.0302622 -0.0077183 -0.0270396 -0.0289242 -0.0253773 -0.0277984 -0.0172377 -0.0270532 -0.0434963 -0.0393202 -0.0308451 -0.0220543 -0.0354011 -0.0312477 -0.0157144 -0.0194598 -0.0234495 -0.0333694 -0.0329480 -0.0299722 -0.0124647 -0.0370350 -0.0202819 -0.0059492 -0.0046780 -0.0075824 -0.0004154 -0.0048463 -0.0030454 -0.0038529 -0.0024216 -0.0035612 -0.0008976 -0.0051089 -0.0052182 -0.0027041 -0.0031687 -0.0021919 -0.0049335 -0.0087841 -0.0016299
0.0532904 0.0483520 0.0523057 0.0507051 0.0577240 0.0536562 0.0505086 0.0534580 0.0569206 0.0584087 0.0614003 0.0593589 0.0554338 0.0581261 0.0444119 0.0471954 0.0596298 0.0570690 0.0641103 0.0653291 0.0689376 0.0751232 0.0679329 0.9699152 -0.0049379 -0.0040714 -0.0078819 -0.0079355 -0.0137177 -0.0196947 -0.0156331 -0.0184946 -0.0148048 0.0027490 -0.0181284 -0.0084675 -0.0082381 -0.0049656 -0.0044264 -0.0091231 0.0006424 -0.0185563 -0.0180754 -0.0041556 0.0055719 -0.0082602 -0.0104867 -0.0258118 -0.0160910 -0.0109176 -0.0066126 -0.0098281 -0.0160606 -0.0115869 -0.0170586 -0.0168631 -0.0258277 -0.0195897 -0.0295472 -0.0239036 -0.0308200 -0.0393256 -0.0396411 -0.0192849 -0.0250914 -0.0248099 -0.0314602 -0.0250631 -0.0332425 -0.0078222 -0.0286886 -0.0227412 -0.0178381 -0.0097089 -0.0189982 -0.0176413 -0.0165929 -0.0131089 -0.0192809 -0.0310819 -0.0451760 -0.0378014 -0.0207102 -0.0216311 -0.0273203 -0.0292204 -0.0200022 -0.0266176 -0.0304848 -0.0096757 -0.0103308 -0.0222812 -0.0170218 -0.0288751 -0.0253895 -0.0351157 -0.0339372 -0.0363434 -0.0309966 -0.0309259 -0.0326071 -0.0315520 -0.0304345 -0.0315651 -0.0315864 -0.0334777 -0.0315645 -0.0353826 -0.0336676 -0.0322626 -0.0338141 -0.0368874 -0.0336295
0.0687379 0.0705651 0.0688369 0.0699750 0.0703057 0.0726708 0.0712245 0.0708615 0.0717468 0.0677448 0.0641451 0.0654839 0.0679419 0.0686627 0.0703197 0.0741030 -0.0134384 -0.0004383 -0.0030515 -0.0151566 -0.0195477 -0.0080898 -0.0134681 -0.0049379 0.8476805 0.0792873 0.0827040 0.0941572 0.1050032 0.1164101 0.1168742 0.1006680 0.0846564 0.0562104 0.0685146 0.0858030 0.0734615 0.0700638 0.0725830 0.0788233 0.0588252 0.0640694 0.0689009 0.0548291 0.0620694 0.0751591 0.0619434 0.0488262 -0.0069018 0.0371306 0.0253587 0.0242501 0.0242061 0.0428764 0.0391363 0.0209246 0.0257248 0.0269869 0.0691973 0.0405528 0.0728592 0.0657316 0.0659380 0.0510139 0.0411067 0.0572406 0.0402541 0.0504950 0.0478902 0.0681336 0.0440431 0.0231532 0.0167040 0.0384556 0.0387299 0.0474745 0.0308257 0.0035228 0.0229455 -0.0399223 -0.0512563 0.0416056 0.0340897 0.0455279 -0.0065127 0.0219938 -0.1070537 0.0246042 -0.0137754 -0.0282923 -0.0304553 0.0311112 -0.0623592 0.0269363 -0.0863886 -0.2607619 -0.2661167 -0.2611204 -0.2613260 -0.2607774 -0.2594037 -0.2594031 -0.2641884 -0.2636636 -0.2685579 -0.2672486 -0.2674090 -0.2699696 -0.2702319 -0.2703009 -0.2669293 -0.2709039 -0.2689566
0.0641493 0.0659067 0.0648283 0.0633901 0.0628478 0.0670296 0.0661468 0.0667349 0.0629729 0.0615770 0.0578402 0.0582729 0.0620672 0.0566420 0.0671228 0.0716551 -0.0169233 -0.0105943 -0.0064472 -0.0199061 -0.0202572 -0.0056328 -0.0206921 -0.0040714 0.0792873 0.8546607 0.1120663 0.0711554 0.0854035 0.0791742 0.0879774 0.0827916 0.0856656 0.0563158 0.0657446 0.0860969 0.0705784 0.0697296 0.0735362 0.0784945 0.0572632 0.0668818 0.0655085 0.0508019 0.0551393 0.0754840 0.0635509 0.0514512 -0.0011751 0.0462463 0.0312864 0.0226938 0.0362681 0.0485669 0.0526522 0.0164559 0.0280145 0.0310711 0.0714701 0.0437284 0.0851705 0.0729941 0.0725438 0.0513457 0.0438144 0.0554618 0.0376561 0.0518391 0.0434513 0.0668770 0.0423361 0.0230882 0.0242055 0.0427772 0.0455259 0.0410280 0.0340966 0.0024259 0.0300929 -0.0337182 -0.0435870 0.0477678 0.0311081 0.0480158 0.0030759 0.0318503 -0.1137878 0.0258549 -0.0129589 -0.0200076 -0.0202177 0.0355634 -0.0562816 0.0255496 -0.0785108 -0.2536272 -0.2604952 -0.2575777 -0.2544467 -0.2566085 -0.2536092 -0.2579232 -0.2590173 -0.2589136 -0.2631824 -0.2619365 -0.2629173 -0.2630496 -0.2619506 -0.2662524 -0.2633318 -0.2636157 -0.2639718
0.0682504 0.0718647 0.0730522 0.0704965 0.0714521 0.0728814 0.0728736 0.0716904 0.0711554 0.0674144 0.0653887 0.0678490 0.0724981 0.0660288 0.0750171 0.0768102 -0.0137734 -0.0034268 -0.0000664 -0.0158267 -0.0121468 -0.0031769 -0.0156140 -0.0078819 0.0827040 0.1120663 0.8506300 0.0779767 0.0817013 0.0882478 0.0864384 0.0889106 0.0814919 0.0560081 0.0663467 0.0806764 0.0751576 0.0679460 0.0733389 0.0779631 0.0599058 0.0667308 0.0674993 0.0555323 0.0580235 0.0730221 0.0655424 0.0493227 -0.0060310 0.0415698 0.0236212 0.0263932 0.0283790 0.0411850 0.0443198 0.0138563 0.0250366 0.0331223 0.0693030 0.0483083 0.0803822 0.0717844 0.0710754 0.0553288 0.0463217 0.0515428 0.0392884 0.0492192 0.0437090 0.0695872 0.0482909 0.0230914 0.0156261 0.0415047 0.0443357 0.0456376 0.0302649 -0.0001043 0.0277133 -0.0464286 -0.0498754 0.0471918 0.0314732 0.0430862 0.0032182 0.0262491 -0.1063723 0.0215529 -0.0142503 -0.0303585 -0.0318425 0.0305223 -0.0572110 0.0294422 -0.0793843 -0.2600052 -0.2654538 -0.2616927 -0.2583868 -0.2612005 -0.2573525 -0.2605665 -0.2614931 -0.2632632 -0.2661146 -0.2653893 -0.2677839 -0.2673399 -0.2677023 -0.2686169 -0.2662117 -0.2690760 -0.2673244
0.0525723 0.0561216 0.0595574 0.0584578 0.0552092 0.0578195 0.0587371 0.0570218 0.0588699 0.0568848 0.0539775 0.0550115 0.0570243 0.0558708 0.0607921 0.0620803 -0.0087254 -0.0088205 -0.0103791 -0.0229317 -0.0227729 -0.0076162 -0.0204139 -0.0079355 0.0941572 0.0711554 0.0779767 0.8612867 0.1080417 0.0919801 0.0897101 0.1045904 0.0684923 0.0499886 0.0596092 0.0792976 0.0716617 0.0638678 0.0673792 0.0616163 0.0647896 0.0691124 0.0638685 0.0487415 0.0517549 0.0789695 0.0734546 0.0454931 -0.0105242 0.0327878 0.0300887 0.0281444 0.0283115 0.0508653 0.0435586 0.0093023 0.0286493 0.0270800 0.0700154 0.0387614 0.0808839 0.0764845 0.0773865 0.0445226 0.0360455 0.0511301 0.0308764 0.0461291 0.0441164 0.0658583 0.0397427 0.0299592 0.0269608 0.0330309 0.0377363 0.0434622 0.0313029 -0.0041668 0.0213320 -0.0390250 -0.0421000 0.0461189 0.0301982 0.0424396 -0.0017458 0.0249600 -0.0958936 0.0206577 -0.0221434 -0.0479731 -0.0492849 0.0189051 -0.0587843 0.0239989 -0.0786138 -0.2365368 -0.2414821 -0.2400541 -0.2353257 -0.2361002 -0.2337444 -0.2371582 -0.2394419 -0.2412011 -0.2460729 -0.2424190 -0.2438479 -0.2448789 -0.2432670 -0.2460032 -0.2430450 -0.2466461 -0.2461216
0.0566673 0.0601133 0.0587806 0.0592376 0.0569853 0.0610991 0.0594458 0.0583283 0.0590743 0.0562929 0.0550469 0.0551457 0.0587701 0.0575177 0.0629525 0.0660416 -0.0185254 -0.0054336 -0.0107590 -0.0246943 -0.0257780 -0.0152206 -0.0221591 -0.0137177 0.1050032 0.0854035 0.0817013 0.1080417 0.8562781 0.1013439 0.0956518 0.1113472 0.0751663 0.0536376 0.0626461 0.0792564 0.0690601 0.0690923 0.0725205 0.0698520 0.0602563 0.0598990 0.0645877 0.0510204 0.0519203 0.0725944 0.0617352 0.0485310 0.0043858 0.0368977 0.0300258 0.0174461 0.0313336 0.0492596 0.0457130 0.0149854 0.0279078 0.0340794 0.0715115 0.0415227 0.0856727 0.0775907 0.0777065 0.0523493 0.0404786 0.0565866 0.0390156 0.0479951 0.0442785 0.0676228 0.0436876 0.0286053 0.0214280 0.0400472 0.0410043 0.0433360 0.0325145 -0.0001383 0.0285707 -0.0359423 -0.0408293 0.0493519 0.0284778 0.0459503 -0.0009234 0.0214886 -0.1032729 0.0188678 -0.0143405 -0.0322576 -0.0329141 0.0264083 -0.0588078 0.0256867 -0.0785343 -0.2447745 -0.2520864 -0.2486978 -0.2470938 -0.2477297 -0.2450189 -0.2478944 -0.2512099 -0.2509355 -0.2541331 -0.2549689 -0.2537373 -0.2555315 -0.2553616 -0.2563027 -0.2551335 -0.2564021 -0.2561530
0.0537947 0.0573114 0.0582325 0.0562444 0.0542674 0.0591484 0.0594885 0.0555186 0.0568688 0.0521664 0.0491660 0.0498382 0.0545060 0.0506956 0.0606617 0.0625947 -0.0205666 -0.0149894 -0.0178415 -0.0311621 -0.0351247 -0.0219732 -0.0280691 -0.0196947 0.1164101 0.0791742 0.0882478 0.0919801 0.1013439 0.8563611 0.1182078 0.1026706 0.0769566 0.0562716 0.0697862 0.0840590 0.0765589 0.0803483 0.0727834 0.0783223 0.0596955 0.0700435 0.0752710 0.0557210 0.0603797 0.0771442 0.0689556 0.0624222 -0.0015565 0.0383825 0.0270995 0.0278314 0.0322933 0.0474718 0.0559147 0.0171012 0.0278359 0.0329868 0.0743260 0.0431146 0.0905775 0.0838211 0.0849485 0.0579231 0.0440137 0.0604252 0.0445060 0.0632063 0.0554847 0.0757277 0.0511203 0.0284252 0.0272722 0.0377061 0.0397539 0.0568275 0.0323271 0.0043933 0.0295470 -0.0374676 -0.0403193 0.0560746 0.0369910 0.0479485 0.0044829 0.0323374 -0.1081616 0.0271414 -0.0140088 -0.0280674 -0.0292469 0.0323744 -0.0581144 0.0312652 -0.0818065 -0.2566959 -0.2642148 -0.2595437 -0.2584563 -0.2590495 -0.2559203 -0.2582188 -0.2610944 -0.2610109 -0.2658135 -0.2649499 -0.2653159 -0.2650371 -0.2673334 -0.2662817 -0.2660388 -0.2678768 -0.2672872
0.0655251 0.0680497 0.0701354 0.0665056 0.0677680 0.0657846 0.0682555 0.0670982 0.0658595 0.0623493 0.0609635 0.0612251 0.0647982 0.0606119 0.0713170 0.0734364 -0.0228994 -0.0110111 -0.0121729 -0.0287450 -0.0254373 -0.0136515 -0.0200547 -0.0156331 0.1168742 0.0879774 0.0864384 0.0897101 0.0956518 0.1182078 0.8535442 0.1015607 0.0873092 0.0612838 0.0722200 0.0921712 0.0817922 0.0822001 0.0828699 0.0842259 0.0663058 0.0697986 0.0785004 0.0586958 0.0636878 0.0859587 0.0693161 0.0646640 -0.0078112 0.0499502 0.0328354 0.0333394 0.0381952 0.0494455 0.0565266 0.0222877 0.0260903 0.0319970 0.0852170 0.0448302 0.0851830 0.0774805 0.0778102 0.0543865 0.0494449 0.0611140 0.0464295 0.0653211 0.0534768 0.0822270 0.0497144 0.0239618 0.0255297 0.0463485 0.0481959 0.0482387 0.0339677 0.0041522 0.0295659 -0.0393575 -0.0484077 0.0503022 0.0363573 0.0511116 -0.0004983 0.0295770 -0.1133901 0.0293870 -0.0128599 -0.0165373 -0.0172657 0.0372790 -0.0675812 0.0404740 -0.0882977 -0.2769442 -0.2832487 -0.2774046 -0.2774321 -0.2774771 -0.2743653 -0.2780665 -0.2800545 -0.2815861 -0.2845768 -0.2843198 -0.2843167 -0.2847185 -0.2859144 -0.2853693 -0.2859249 -0.2862529 -0.2851949
0.0504312 0.0559184 0.0537260 0.0534018 0.0514824 0.0535084 0.0543350 0.0531543 0.0553410 0.0504908 0.0452062 0.0483998 0.0529117 0.0490141 0.0564276 0.0639044 -0.0227713 -0.0176642 -0.0214406 -0.0360712 -0.0354360 -0.0249511 -0.0287631 -0.0184946 0.1006680 0.0827916 0.0889106 0.1045904 0.1113472 0.1026706 0.1015607 0.8592191 0.0819546 0.0509874 0.0624537 0.0877635 0.0742170 0.0672715 0.0738723 0.0691754 0.0613186 0.0732613 0.0637979 0.0490219 0.0525060 0.0828595 0.0712100 0.0423492 -0.0101219 0.0362755 0.0229565 0.0352598 0.0208011 0.0547272 0.0520392 0.0175745 0.0303873 0.0372899 0.0743547 0.0514014 0.0941179 0.0953593 0.0960514 0.0431266 0.0351784 0.0561687 0.0455159 0.0431602 0.0502445 0.0716808 0.0557674 0.0361635 0.0250549 0.0341838 0.0386521 0.0573943 0.0407272 -0.0028194 0.0254494 -0.0343695 -0.0382011 0.0581237 0.0300413 0.0483316 0.0035951 0.0292082 -0.0945622 0.0190192 -0.0129281 -0.0727940 -0.0736597 0.0209740 -0.0497495 0.0388015 -0.0784701 -0.2435673 -0.2482977 -0.2438861 -0.2435785 -0.2434024 -0.2411956 -0.2441977 -0.2464157 -0.2466981 -0.2496712 -0.2492067 -0.2513455 -0.2521305 -0.2529551 -0.2525696 -0.2518257 -0.2531567 -0.2515189
0.0672681 0.0670355 0.0692540 0.0684089 0.0668911 0.0702524 0.0710220 0.0707459 0.0681508 0.0664621 0.0621743 0.0640173 0.0686268 0.0626270 0.0715728 0.0781595 -0.0257427 -0.0078339 -0.0106831 -0.0208994 -0.0303408 -0.0097826 -0.0216895 -0.0148048 0.0846564 0.0856656 0.0814919 0.0684923 0.0751663 0.0769566 0.0873092 0.0819546 0.8532898 0.0631542 0.0782832 0.0974329 0.0781738 0.0873245 0.0911635 0.0900849 0.0607770 0.0703725 0.0814799 0.0627106 0.0657145 0.0724776 0.0638056 0.0742814 0.0030059 0.0597193 0.0381349 0.0232492 0.0434662 0.0484249 0.0536876 0.0249388 0.0302591 0.0340641 0.0820143 0.0431814 0.0814016 0.0730658 0.0718081 0.0655413 0.0575526 0.0638620 0.0514287 0.0728705 0.0535389 0.0759151 0.0512366 0.0248904 0.0236201 0.0518507 0.0487773 0.0462880 0.0354823 0.0122997 0.0311454 -0.0355535 -0.0438578 0.0457875 0.0364085 0.0482979 0.0041803 0.0362180 -0.1201978 0.0355571 -0.0061657 0.0085178 0.0082155 0.0421584 -0.0675053 0.0284126 -0.0746266 -0.2816877 -0.2843986 -0.2827961 -0.2818821 -0.2811301 -0.2788327 -0.2808838 -0.2847515 -0.2852492 -0.2901689 -0.2886907 -0.2895978 -0.2895785 -0.2906481 -0.2910214 -0.2885135 -0.2892539 -0.2902778
0.0564746 0.0582692 0.0585501 0.0572112 0.0578506 0.0570959 0.0599928 0.0593809 0.0575669 0.0558831 0.0547927 0.0557759 0.0570792 0.0562476 0.0581331 0.0580100 -0.0096459 0.0055059 0.0048958 -0.0007549 -0.0084101 0.0088101 -0.0042663 0.0027490 0.0562104 0.0563158 0.0560081 0.0499886 0.0536376 0.0562716 0.0612838 0.0509874 0.0631542 0.9269100 0.0512158 0.0611909 0.0551393 0.0567111 0.0592226 0.0580592 0.0414414 0.0420835 0.0562182 0.0443671 0.0477178 0.0492277 0.0441228 0.0562149 0.0070675 0.0427060 0.0304832 0.0131235 0.0358282 0.0307945 0.0367589 0.0191344 0.0193597 0.0224266 0.0506356 0.0291181 0.0495390 0.0416155 0.0411727 0.0485319 0.0431080 0.0430910 0.0342864 0.0569608 0.0356334 0.0520229 0.0344675 0.0122018 0.0186059 0.0364125 0.0353357 0.0283987 0.0212425 0.0139085 0.0241573 -0.0268127 -0.0329181 0.0256125 0.0261384 0.0324483 0.0029173 0.0206923 -0.0846261 0.0242742 -0.0031808 0.0386864 0.0381994 0.0355203 -0.0465932 0.0224078 -0.0546943 -0.1973731 -0.2016199 -0.1990619 -0.1978625 -0.1970186 -0.1954225 -0.1973053 -0.1996278 -0.2010388 -0.2045003 -0.2032917 -0.2046183 -0.2041734 -0.2051974 -0.2062833 -0.2048205 -0.2060545 -0.2051533
