0.8786002 0.1776689 0.1439489 0.1645546 0.1488841 0.1434380 0.1469750 0.1524675 0.1470701 0.1434377 0.1442486 0.1517315 0.1420728 0.1402096 0.1345859 0.1373169 0.0321176 0.0517073 0.0534276 0.0480789 0.0447430 0.0679641 0.0475498 0.0518869 0.0708117 0.0658678 0.0703475 0.0556254 0.0591618 0.0564880 0.0674597 0.0558259 0.0679611 0.0546685 0.0536397 0.0709977 0.0620955 0.0604172 0.0691011 0.0638420 0.0551930 0.0486002 0.0492838 0.0488032 0.0639919 0.0620816 0.0510781 0.0337288 -0.0157518 0.0344400 0.0179735 0.0097069 0.0143505 0.0323508 0.0202736 0.0074420 -0.0015520 0.0081658 0.0403452 0.0220671 0.0437225 0.0270317 0.0254517 0.0378546 0.0152876 0.0367550 0.0084316 0.0349555 0.0053700 0.0525939 0.0125936 -0.0062024 -0.0018077 0.0336544 0.0177208 0.0215369 0.0137873 -0.0126395 0.0118408 -0.0718472 -0.0810881 0.0031113 0.0055359 0.0193628 -0.0322990 -0.0065852 -0.1213758 -0.0006177 -0.0369664 -0.0326154 -0.0330157 0.0105259 -0.0667664 -0.0020179 -0.1048300 -0.2736520 -0.2765931 -0.2755383 -0.2735251 -0.2734286 -0.2722912 -0.2729178 -0.2739926 -0.2752813 -0.2770705 -0.2793333 -0.2781287 -0.2779728 -0.2790793 -0.2793139 -0.2782084 -0.2819267 -0.2777744
0.1776689 0.8863208 0.1470528 0.1744122 0.1510513 0.1502304 0.1523750 0.1549171 0.1499513 0.1477102 0.1504537 0.1538755 0.1508521 0.1455990 0.1377122 0.1422729 0.0288178 0.0558881 0.0586216 0.0517191 0.0416331 0.0676318 0.0503919 0.0473351 0.0722234 0.0672547 0.0735688 0.0586311 0.0621130 0.0594320 0.0696100 0.0605395 0.0676193 0.0566036 0.0540390 0.0727351 0.0628554 0.0642560 0.0725599 0.0675260 0.0584613 0.0499546 0.0504323 0.0531030 0.0653362 0.0642362 0.0480596 0.0312183 -0.0163541 0.0394174 0.0182863 0.0090708 0.0155334 0.0316304 0.0211007 0.0075878 -0.0037913 0.0098703 0.0420005 0.0237889 0.0425784 0.0291162 0.0280630 0.0385453 0.0191675 0.0382249 0.0122628 0.0329310 0.0050589 0.0541044 0.0131402 -0.0066008 -0.0014491 0.0333334 0.0186484 0.0268882 0.0115052 -0.0142961 0.0142767 -0.0757421 -0.0826561 0.0028275 0.0055160 0.0175015 -0.0360252 -0.0050787 -0.1242435 0.0023766 -0.0385567 -0.0345334 -0.0363507 0.0124202 -0.0698015 0.0016492 -0.1059432 -0.2821331 -0.2860343 -0.2836864 -0.2816081 -0.2823722 -0.2821376 -0.2812521 -0.2856066 -0.2848227 -0.2865298 -0.2862989 -0.2887209 -0.2865328 -0.2878670 -0.2871698 -0.2874428 -0.2910990 -0.2870494
0.1439489 0.1470528 0.8817576 0.1434397 0.1887884 0.1827359 0.2003441 0.1900920 0.1538221 0.1522846 0.1532617 0.1563603 0.1528635 0.1495526 0.1424145 0.1449234 0.0363727 0.0546220 0.0633172 0.0499289 0.0464035 0.0706769 0.0527882 0.0512356 0.0705583 0.0662395 0.0748644 0.0621226 0.0608395 0.0604128 0.0717160 0.0584066 0.0699701 0.0569244 0.0562289 0.0760988 0.0669130 0.0611100 0.0717096 0.0697082 0.0626337 0.0531064 0.0486178 0.0504186 0.0686018 0.0684361 0.0506764 0.0305175 -0.0202391 0.0336950 0.0211059 0.0078120 0.0158530 0.0319458 0.0202120 0.0071858 -0.0013988 0.0074784 0.0372125 0.0219264 0.0419199 0.0253611 0.0255950 0.0328759 0.0131947 0.0315248 0.0082176 0.0314780 0.0030338 0.0504535 0.0111533 -0.0062356 -0.0026518 0.0348196 0.0203895 0.0230710 0.0106974 -0.0164934 0.0129505 -0.0794692 -0.0898975 0.0024607 0.0071044 0.0168520 -0.0372505 -0.0052992 -0.1236598 -0.0067881 -0.0413690 -0.0354220 -0.0364679 0.0096437 -0.0723097 -0.0020465 -0.1108264 -0.2848075 -0.2888177 -0.2875014 -0.2833916 -0.2836304 -0.2828207 -0.2845462 -0.2852706 -0.2876356 -0.2892523 -0.2900147 -0.2908787 -0.2896191 -0.2900804 -0.2908258 -0.2900966 -0.2939819 -0.2912053
0.1645546 0.1744122 0.1434397 0.8866187 0.1437906 0.1438951 0.1433843 0.1495173 0.1452650 0.1393442 0.1446603 0.1458832 0.1394829 0.1399610 0.1332042 0.1368117 0.0317636 0.0517364 0.0557622 0.0459971 0.0394327 0.0642402 0.0480430 0.0492821 0.0719239 0.0649751 0.0725270 0.0614644 0.0615895 0.0588313 0.0683441 0.0586018 0.0691303 0.0554890 0.0553793 0.0704623 0.0631818 0.0645780 0.0702313 0.0667145 0.0580997 0.0515152 0.0546761 0.0530623 0.0671315 0.0641460 0.0493905 0.0339890 -0.0146748 0.0374179 0.0225335 0.0085839 0.0158421 0.0326005 0.0244518 0.0076946 0.0001143 0.0117581 0.0418945 0.0258475 0.0418026 0.0280324 0.0282916 0.0390563 0.0203000 0.0348525 0.0089277 0.0363058 0.0059942 0.0549726 0.0136708 -0.0025746 -0.0018543 0.0343523 0.0210318 0.0237924 0.0130256 -0.0115820 0.0138846 -0.0730591 -0.0808875 0.0047428 0.0104644 0.0209721 -0.0337772 -0.0058836 -0.1226313 0.0006082 -0.0378464 -0.0312182 -0.0309018 0.0141750 -0.0681916 0.0006226 -0.1028711 -0.2765838 -0.2793878 -0.2767856 -0.2746369 -0.2765776 -0.2744426 -0.2755421 -0.2776438 -0.2783234 -0.2812134 -0.2808134 -0.2815969 -0.2811415 -0.2810693 -0.2809080 -0.2800450 -0.2849909 -0.2795269
0.1488841 0.1510513 0.1887884 0.1437906 0.8942944 0.1974251 0.2021882 0.1996291 0.1563076 0.1539045 0.1558893 0.1601864 0.1546527 0.1520638 0.1421189 0.1481069 0.0359912 0.0612426 0.0636105 0.0566899 0.0505409 0.0759149 0.0588930 0.0562727 0.0724774 0.0646459 0.0737221 0.0584567 0.0595835 0.0569956 0.0697903 0.0571986 0.0677235 0.0560302 0.0509535 0.0735677 0.0622177 0.0614554 0.0727374 0.0655569 0.0641808 0.0512373 0.0465392 0.0511555 0.0676872 0.0640104 0.0507050 0.0252720 -0.0183961 0.0342678 0.0171124 0.0106214 0.0116614 0.0318303 0.0174757 0.0050080 -0.0047646 0.0066850 0.0358030 0.0157321 0.0401623 0.0267045 0.0233673 0.0330831 0.0156298 0.0339898 0.0059116 0.0262224 0.0011066 0.0542970 0.0082690 -0.0101124 -0.0063492 0.0335683 0.0186586 0.0230857 0.0088591 -0.0188133 0.0113442 -0.0806511 -0.0917801 0.0000679 0.0024182 0.0147260 -0.0372847 -0.0068154 -0.1234671 -0.0065250 -0.0410983 -0.0386838 -0.0392330 0.0092857 -0.0711560 -0.0074374 -0.1077814 -0.2830546 -0.2851494 -0.2832672 -0.2800610 -0.2813475 -0.2801216 -0.2813759 -0.2819613 -0.2824810 -0.2849410 -0.2874876 -0.2873675 -0.2865400 -0.2876460 -0.2867320 -0.2863910 -0.2915259 -0.2861439
0.1434380 0.1502304 0.1827359 0.1438951 0.1974251 0.8905291 0.1954707 0.1934810 0.1541744 0.1523875 0.1541965 0.1600397 0.1514853 0.1502685 0.1415214 0.1469159 0.0362008 0.0563809 0.0629541 0.0533684 0.0472713 0.0716322 0.0549257 0.0531559 0.0736924 0.0678454 0.0739522 0.0594539 0.0623288 0.0604975 0.0667708 0.0567313 0.0706834 0.0557556 0.0506048 0.0712974 0.0595063 0.0575970 0.0665317 0.0660564 0.0616958 0.0504938 0.0502304 0.0499918 0.0677239 0.0639103 0.0504808 0.0258579 -0.0187395 0.0322592 0.0147352 0.0103419 0.0128089 0.0321323 0.0167412 0.0078183 -0.0078316 0.0059131 0.0347409 0.0180841 0.0401943 0.0236152 0.0227733 0.0354286 0.0152437 0.0349254 0.0062927 0.0268172 0.0045408 0.0536331 0.0069328 -0.0095373 -0.0055775 0.0328018 0.0179297 0.0222523 0.0105957 -0.0198988 0.0125880 -0.0787369 -0.0913395 0.0011032 0.0062245 0.0167318 -0.0386431 -0.0031757 -0.1233138 -0.0068923 -0.0403402 -0.0400423 -0.0415493 0.0094931 -0.0695964 -0.0073793 -0.1063276 -0.2821566 -0.2839321 -0.2840569 -0.2803179 -0.2806955 -0.2797522 -0.2812938 -0.2831524 -0.2820777 -0.2868414 -0.2861018 -0.2864871 -0.2872989 -0.2879784 -0.2859786 -0.2852282 -0.2888910 -0.2876024
0.1469750 0.1523750 0.2003441 0.1433843 0.2021882 0.1954707 0.8876313 0.2067168 0.1566323 0.1552879 0.1571146 0.1624685 0.1541623 0.1554306 0.1416209 0.1495291 0.0330555 0.0570321 0.0639620 0.0557648 0.0471266 0.0712900 0.0551767 0.0491318 0.0734244 0.0679720 0.0750929 0.0619870 0.0620668 0.0622705 0.0702844 0.0602058 0.0717934 0.0580030 0.0559586 0.0755156 0.0618744 0.0630594 0.0730838 0.0721434 0.0633707 0.0507560 0.0500872 0.0517891 0.0672075 0.0645916 0.0512150 0.0280808 -0.0182353 0.0343605 0.0184754 0.0090012 0.0132776 0.0330848 0.0168401 0.0072405 -0.0020344 0.0064810 0.0362079 0.0150218 0.0400455 0.0279538 0.0254948 0.0369582 0.0185782 0.0373639 0.0100804 0.0301608 0.0036687 0.0566098 0.0097266 -0.0082837 -0.0049738 0.0347059 0.0202856 0.0245618 0.0107368 -0.0165604 0.0122907 -0.0801250 -0.0909176 0.0017461 0.0069402 0.0152702 -0.0373511 -0.0047846 -0.1286237 -0.0068843 -0.0411446 -0.0363906 -0.0378082 0.0083695 -0.0737392 -0.0069785 -0.1123755 -0.2909783 -0.2949592 -0.2925829 -0.2908983 -0.2911572 -0.2883248 -0.2918347 -0.2930181 -0.2926748 -0.2958465 -0.2959424 -0.2979893 -0.2953096 -0.2974996 -0.2963547 -0.2969334 -0.2971932 -0.2963552
0.1524675 0.1549171 0.1900920 0.1495173 0.1996291 0.1934810 0.2067168 0.8965393 0.1613319 0.1561279 0.1602502 0.1674510 0.1562708 0.1573320 0.1465684 0.1500191 0.0372192 0.0579141 0.0686513 0.0574119 0.0507914 0.0771500 0.0584407 0.0518887 0.0731211 0.0686201 0.0740221 0.0604499 0.0610561 0.0584807 0.0692253 0.0589953 0.0716039 0.0575026 0.0535669 0.0751476 0.0631087 0.0626303 0.0723727 0.0690454 0.0642838 0.0504781 0.0498289 0.0526463 0.0659651 0.0667024 0.0497313 0.0277322 -0.0193557 0.0343120 0.0151458 0.0128587 0.0116931 0.0335567 0.0192766 0.0057720 -0.0042183 0.0034766 0.0332212 0.0183698 0.0408434 0.0248224 0.0234902 0.0327029 0.0149194 0.0355325 0.0062089 0.0284021 0.0036750 0.0536957 0.0091574 -0.0076212 -0.0055049 0.0363068 0.0182175 0.0241651 0.0109306 -0.0186498 0.0122167 -0.0807825 -0.0918540 -0.0003991 0.0060574 0.0163979 -0.0356274 -0.0063054 -0.1263154 -0.0034422 -0.0421497 -0.0389142 -0.0403997 0.0090755 -0.0720861 -0.0046447 -0.1088629 -0.2891105 -0.2919883 -0.2899828 -0.2870985 -0.2886652 -0.2871862 -0.2886702 -0.2905388 -0.2910694 -0.2929552 -0.2944087 -0.2936182 -0.2940958 -0.2942992 -0.2943155 -0.2931391 -0.2973714 -0.2936176
0.1470701 0.1499513 0.1538221 0.1452650 0.1563076 0.1541744 0.1566323 0.1613319 0.8987195 0.1882705 0.1972310 0.1944229 0.1912966 0.1854104 0.1491966 0.1547742 0.0372428 0.0607615 0.0659359 0.0617976 0.0502939 0.0754339 0.0610453 0.0563638 0.0730285 0.0639504 0.0724681 0.0607070 0.0605583 0.0585176 0.0669699 0.0591981 0.0686136 0.0561045 0.0507980 0.0717380 0.0610401 0.0601816 0.0679463 0.0659209 0.0614449 0.0448679 0.0462573 0.0556219 0.0698227 0.0643233 0.0529059 0.0276081 -0.0194205 0.0332542 0.0191327 0.0043979 0.0104493 0.0320666 0.0221849 0.0068434 -0.0067949 0.0087418 0.0332864 0.0188058 0.0373195 0.0233229 0.0231867 0.0322565 0.0133130 0.0360118 0.0070549 0.0288727 0.0019923 0.0542736 0.0087246 -0.0085181 -0.0008691 0.0318631 0.0163462 0.0208594 0.0049615 -0.0177094 0.0121544 -0.0799212 -0.0871301 0.0008157 -0.0005505 0.0177392 -0.0407820 -0.0088855 -0.1205183 -0.0033328 -0.0422190 -0.0453334 -0.0455953 0.0103623 -0.0728279 -0.0051581 -0.1094924 -0.2850252 -0.2872030 -0.2845339 -0.2822945 -0.2826654 -0.2826004 -0.2838722 -0.2852997 -0.2860540 -0.2874021 -0.2891880 -0.2876616 -0.2885367 -0.2892450 -0.2878008 -0.2893741 -0.2940790 -0.2880231
0.1434377 0.1477102 0.1522846 0.1393442 0.1539045 0.1523875 0.1552879 0.1561279 0.1882705 0.8928328 0.1849961 0.1909635 0.1993292 0.1838260 0.1416820 0.1493512 0.0354112 0.0590884 0.0619421 0.0607518 0.0501161 0.0731862 0.0587473 0.0573073 0.0695842 0.0630231 0.0692731 0.0595687 0.0584560 0.0545026 0.0640202 0.0554845 0.0671165 0.0541828 0.0511755 0.0714417 0.0567411 0.0571324 0.0690001 0.0659330 0.0576609 0.0460378 0.0459030 0.0540432 0.0660125 0.0607342 0.0484811 0.0271236 -0.0214177 0.0329501 0.0167355 0.0097523 0.0111521 0.0333608 0.0157164 0.0066360 -0.0063437 0.0052806 0.0323198 0.0175709 0.0369464 0.0221636 0.0199434 0.0293656 0.0142113 0.0334207 0.0046654 0.0277267 -0.0001633 0.0488955 0.0057552 -0.0088069 -0.0030164 0.0297596 0.0144124 0.0206498 0.0059753 -0.0180314 0.0113223 -0.0775061 -0.0893056 -0.0006413 0.0019646 0.0163685 -0.0414023 -0.0070085 -0.1199793 -0.0078039 -0.0420987 -0.0430606 -0.0429020 0.0078622 -0.0702127 -0.0080835 -0.1051967 -0.2778016 -0.2791921 -0.2794217 -0.2745197 -0.2750130 -0.2738306 -0.2769341 -0.2765927 -0.2780579 -0.2797908 -0.2816532 -0.2813560 -0.2798956 -0.2813758 -0.2810564 -0.2806414 -0.2843146 -0.2812222
0.1442486 0.1504537 0.1532617 0.1446603 0.1558893 0.1541965 0.1571146 0.1602502 0.1972310 0.1849961 0.9162318 0.2024579 0.1902812 0.1862857 0.1485823 0.1510580 0.0422671 0.0649839 0.0726679 0.0640963 0.0569018 0.0793949 0.0648345 0.0596133 0.0667667 0.0599973 0.0681168 0.0578791 0.0581484 0.0524184 0.0633748 0.0518151 0.0631400 0.0528006 0.0481323 0.0689557 0.0582860 0.0562610 0.0663939 0.0614847 0.0592144 0.0456616 0.0442249 0.0515127 0.0657367 0.0615374 0.0469737 0.0219492 -0.0206972 0.0290971 0.0175905 0.0057104 0.0086221 0.0283051 0.0159948 0.0043669 -0.0086374 0.0065576 0.0320063 0.0188381 0.0323312 0.0173281 0.0165909 0.0285490 0.0092101 0.0311333 0.0026686 0.0231921 -0.0034337 0.0458021 0.0031591 -0.0122407 -0.0050828 0.0296812 0.0151994 0.0186582 0.0048704 -0.0181442 0.0067324 -0.0789066 -0.0890252 -0.0041383 0.0014753 0.0129934 -0.0435773 -0.0129388 -0.1172396 -0.0075320 -0.0458481 -0.0456495 -0.0456318 0.0078800 -0.0711469 -0.0067404 -0.1074192 -0.2711747 -0.2744111 -0.2729006 -0.2686390 -0.2706155 -0.2698547 -0.2710149 -0.2721406 -0.2721942 -0.2724101 -0.2756092 -0.2755843 -0.2752231 -0.2769574 -0.2749566 -0.2775819 -0.2815038 -0.2754135
0.1517315 0.1538755 0.1563603 0.1458832 0.1601864 0.1600397 0.1624685 0.1674510 0.1944229 0.1909635 0.2024579 0.9104198 0.1955563 0.1901490 0.1460299 0.1565835 0.0391890 0.0646352 0.0694270 0.0632776 0.0528914 0.0799766 0.0640780 0.0580218 0.0675279 0.0599665 0.0699996 0.0580634 0.0576441 0.0525014 0.0630810 0.0538933 0.0647892 0.0539354 0.0526470 0.0725059 0.0597069 0.0559959 0.0676596 0.0627679 0.0610261 0.0450932 0.0472303 0.0514649 0.0682065 0.0603897 0.0500514 0.0224795 -0.0237420 0.0293045 0.0159680 0.0065130 0.0111288 0.0323397 0.0160784 0.0028614 -0.0076780 0.0096779 0.0309602 0.0154589 0.0323411 0.0182690 0.0175822 0.0280974 0.0114726 0.0308523 0.0045477 0.0241773 -0.0021710 0.0504610 0.0065942 -0.0124715 -0.0049556 0.0276624 0.0122946 0.0206297 0.0048864 -0.0218400 0.0100572 -0.0784888 -0.0899497 -0.0039834 0.0004001 0.0113774 -0.0459494 -0.0110288 -0.1177400 -0.0091782 -0.0449137 -0.0462197 -0.0466299 0.0042048 -0.0691405 -0.0113651 -0.1094104 -0.2790812 -0.2803269 -0.2789027 -0.2760972 -0.2773348 -0.2769015 -0.2779091 -0.2776732 -0.2806162 -0.2794091 -0.2816045 -0.2819945 -0.2818324 -0.2818916 -0.2811656 -0.2828404 -0.2864669 -0.2827032
0.1420728 0.1508521 0.1528635 0.1394829 0.1546527 0.1514853 0.1541623 0.1562708 0.1912966 0.1993292 0.1902812 0.1955563 0.8994453 0.1916740 0.1452204 0.1502220 0.0331170 0.0600621 0.0646212 0.0581108 0.0492853 0.0749673 0.0589911 0.0546205 0.0694092 0.0632019 0.0740097 0.0592353 0.0604222 0.0564265 0.0661443 0.0571361 0.0692135 0.0555309 0.0492084 0.0718560 0.0620239 0.0612035 0.0711198 0.0644991 0.0590906 0.0462492 0.0483624 0.0566722 0.0671124 0.0632203 0.0526801 0.0247107 -0.0203321 0.0341151 0.0145132 0.0109122 0.0149428 0.0288024 0.0196980 0.0053953 -0.0068255 0.0081607 0.0361951 0.0177197 0.0399578 0.0224644 0.0219471 0.0297746 0.0168054 0.0348644 0.0047526 0.0269239 0.0003564 0.0513746 0.0073566 -0.0080943 -0.0056100 0.0327154 0.0162726 0.0229316 0.0071257 -0.0166473 0.0120145 -0.0810213 -0.0896287 -0.0019066 0.0003596 0.0171223 -0.0421553 -0.0091335 -0.1224880 -0.0066874 -0.0429702 -0.0435385 -0.0434449 0.0085231 -0.0738955 -0.0057753 -0.1097150 -0.2826158 -0.2855724 -0.2837899 -0.2786884 -0.2800561 -0.2801070 -0.2820808 -0.2826685 -0.2838541 -0.2849165 -0.2876591 -0.2861191 -0.2873620 -0.2881931 -0.2869757 -0.2865462 -0.2919094 -0.2872645
0.1402096 0.1455990 0.1495526 0.1399610 0.1520638 0.1502685 0.1554306 0.1573320 0.1854104 0.1838260 0.1862857 0.1901490 0.1916740 0.9011418 0.1450634 0.1437838 0.0391585 0.0608384 0.0668700 0.0563297 0.0498750 0.0754516 0.0577867 0.0565432 0.0709599 0.0585301 0.0684196 0.0593655 0.0603592 0.0536924 0.0627145 0.0550517 0.0634380 0.0542470 0.0506068 0.0712747 0.0611302 0.0573700 0.0675347 0.0663506 0.0579033 0.0475933 0.0487584 0.0530220 0.0656566 0.0627159 0.0504209 0.0279452 -0.0198432 0.0321033 0.0166494 0.0080495 0.0109136 0.0289790 0.0186305 0.0069372 -0.0081949 0.0074630 0.0354300 0.0184064 0.0377860 0.0212277 0.0205853 0.0320473 0.0144280 0.0321314 0.0041288 0.0295131 0.0009555 0.0495297 0.0060140 -0.0112203 -0.0040708 0.0317020 0.0172956 0.0240409 0.0091891 -0.0177573 0.0103546 -0.0792020 -0.0878610 -0.0032580 0.0015253 0.0149324 -0.0420998 -0.0087194 -0.1199193 -0.0072820 -0.0429290 -0.0416692 -0.0419516 0.0095667 -0.0725505 -0.0008787 -0.1084194 -0.2776219 -0.2798673 -0.2784317 -0.2759633 -0.2766116 -0.2748874 -0.2777953 -0.2775822 -0.2791018 -0.2793909 -0.2818694 -0.2819868 -0.2804140 -0.2829778 -0.2821086 -0.2816182 -0.2850818 -0.2827556
0.1345859 0.1377122 0.1424145 0.1332042 0.1421189 0.1415214 0.1416209 0.1465684 0.1491966 0.1416820 0.1485823 0.1460299 0.1452204 0.1450634 0.8796135 0.1392804 0.0291923 0.0483630 0.0532571 0.0425535 0.0384467 0.0662375 0.0449986 0.0440193 0.0710845 0.0676947 0.0758316 0.0620876 0.0638946 0.0616905 0.0720356 0.0591547 0.0718928 0.0569799 0.0594220 0.0721699 0.0633443 0.0665355 0.0714734 0.0695739 0.0599348 0.0520870 0.0529250 0.0555949 0.0658356 0.0682416 0.0491287 0.0365399 -0.0153641 0.0374404 0.0238578 0.0110507 0.0179755 0.0364376 0.0272330 0.0072804 0.0020017 0.0165417 0.0439757 0.0257194 0.0458961 0.0322275 0.0292484 0.0349780 0.0223704 0.0369780 0.0141984 0.0378418 0.0089686 0.0554015 0.0157935 -0.0010224 0.0030296 0.0334779 0.0217172 0.0245770 0.0112272 -0.0123145 0.0159373 -0.0693561 -0.0797020 0.0095825 0.0136658 0.0231872 -0.0302441 -0.0013927 -0.1211823 0.0016232 -0.0351656 -0.0298358 -0.0299067 0.0132845 -0.0664122 0.0002564 -0.1011555 -0.2780950 -0.2828690 -0.2825027 -0.2787996 -0.2785951 -0.2768269 -0.2810121 -0.2809318 -0.2812549 -0.2842067 -0.2848534 -0.2847902 -0.2844639 -0.2847626 -0.2855338 -0.2850269 -0.2881112 -0.2857833
0.1373169 0.1422729 0.1449234 0.1368117 0.1481069 0.1469159 0.1495291 0.1500191 0.1547742 0.1493512 0.1510580 0.1565835 0.1502220 0.1437838 0.1392804 0.8831648 0.0260215 0.0513654 0.0547900 0.0502280 0.0402117 0.0651506 0.0477732 0.0475926 0.0741623 0.0716181 0.0769177 0.0621847 0.0660529 0.0626485 0.0734001 0.0649885 0.0782509 0.0572334 0.0592305 0.0768299 0.0633462 0.0671090 0.0729062 0.0686167 0.0631240 0.0538036 0.0574687 0.0533693 0.0666222 0.0693278 0.0541762 0.0330773 -0.0138819 0.0365109 0.0233602 0.0104694 0.0172928 0.0371202 0.0249035 0.0069445 -0.0005595 0.0151836 0.0418442 0.0249582 0.0472445 0.0312465 0.0300000 0.0365520 0.0232063 0.0407210 0.0140430 0.0352343 0.0070085 0.0557119 0.0174824 -0.0040462 0.0029910 0.0369686 0.0204367 0.0297605 0.0128163 -0.0135020 0.0156909 -0.0706119 -0.0812894 0.0080845 0.0082919 0.0195162 -0.0305716 -0.0022470 -0.1223360 0.0011795 -0.0358910 -0.0332075 -0.0332820 0.0150153 -0.0498771 -0.0025652 -0.1045243 -0.2834351 -0.2867336 -0.2855089 -0.2796989 -0.2825197 -0.2798975 -0.2830181 -0.2841580 -0.2858203 -0.2871298 -0.2889803 -0.2888633 -0.2885588 -0.2897764 -0.2894517 -0.2894677 -0.2922177 -0.2891626
0.0321176 0.0288178 0.0363727 0.0317636 0.0359912 0.0362008 0.0330555 0.0372192 0.0372428 0.0354112 0.0422671 0.0391890 0.0331170 0.0391585 0.0291923 0.0260215 0.9830090 0.0444344 0.0508475 0.0651542 0.0622976 0.0471763 0.0530831 0.0623836 -0.0162401 -0.0194252 -0.0165436 -0.0129415 -0.0220842 -0.0242892 -0.0256787 -0.0287025 -0.0266458 -0.0083198 -0.0155877 -0.0195501 -0.0155609 -0.0173140 -0.0178457 -0.0185476 -0.0022879 -0.0128084 -0.0296273 -0.0151299 -0.0111358 -0.0109559 -0.0113293 -0.0389321 -0.0097593 -0.0237258 -0.0183934 -0.0089463 -0.0336308 -0.0107857 -0.0173695 -0.0204133 -0.0198306 -0.0232069 -0.0370251 -0.0205075 -0.0308100 -0.0411363 -0.0405030 -0.0271712 -0.0320837 -0.0248254 -0.0373107 -0.0378423 -0.0370210 -0.0226909 -0.0321779 -0.0206129 -0.0180916 -0.0150466 -0.0237300 -0.0227795 -0.0192795 -0.0279573 -0.0154565 -0.0203465 -0.0229524 -0.0294350 -0.0179421 -0.0229887 -0.0260474 -0.0294420 -0.0024973 -0.0238873 -0.0202757 -0.0561510 -0.0555733 -0.0380929 -0.0088716 -0.0221457 -0.0147005 0.0123530 0.0127033 0.0125820 0.0143403 0.0129016 0.0121237 0.0134707 0.0149828 0.0134959 0.0151247 0.0134196 0.0123729 0.0136343 0.0127900 0.0132882 0.0146225 0.0064407 0.0125887
0.0517073 0.0558881 0.0546220 0.0517364 0.0612426 0.0563809 0.0570321 0.0579141 0.0607615 0.0590884 0.0649839 0.0646352 0.0600621 0.0608384 0.0483630 0.0513654 0.0444344 0.9541417 0.0649919 0.0629898 0.0556973 0.0599468 0.0597198 0.0549722 0.0024748 -0.0080021 -0.0003211 -0.0042402 -0.0018680 -0.0113311 -0.0082859 -0.0110309 -0.0069884 0.0035459 -0.0099904 -0.0051630 -0.0033165 -0.0058253 -0.0025189 -0.0063016 0.0073407 -0.0121741 -0.0100268 -0.0003887 0.0067061 -0.0025397 -0.0052318 -0.0252646 -0.0206508 -0.0137959 -0.0095786 -0.0189536 -0.0222633 -0.0017040 -0.0243175 -0.0178830 -0.0221947 -0.0141313 -0.0211539 -0.0132454 -0.0205604 -0.0301640 -0.0307265 -0.0158431 -0.0230900 -0.0174036 -0.0283596 -0.0248831 -0.0344389 -0.0095319 -0.0254960 -0.0169394 -0.0172902 -0.0062680 -0.0155839 -0.0021437 -0.0158961 -0.0185425 -0.0076740 -0.0324119 -0.0381684 -0.0214993 -0.0145425 -0.0157161 -0.0253338 -0.0162342 -0.0233574 -0.0240969 -0.0267311 -0.0466082 -0.0466587 -0.0204626 -0.0149716 -0.0277831 -0.0272437 -0.0435592 -0.0462760 -0.0452734 -0.0413774 -0.0437464 -0.0432335 -0.0454905 -0.0445982 -0.0427297 -0.0421487 -0.0457767 -0.0471695 -0.0477449 -0.0466228 -0.0450090 -0.0458596 -0.0513675 -0.0443577
0.0534276 0.0586216 0.0633172 0.0557622 0.0636105 0.0629541 0.0639620 0.0686513 0.0659359 0.0619421 0.0726679 0.0694270 0.0646212 0.0668700 0.0532571 0.0547900 0.0508475 0.0649919 0.9680658 0.0656512 0.0693203 0.0674432 0.0619914 0.0615441 0.0005332 -0.0032302 0.0037163 -0.0048214 -0.0062616 -0.0131758 -0.0087755 -0.0129030 -0.0095886 0.0024718 -0.0156583 -0.0009176 -0.0065611 -0.0086103 -0.0036668 -0.0016639 0.0046377 -0.0109425 -0.0156484 -0.0050256 0.0139283 -0.0011361 -0.0082972 -0.0273260 -0.0171072 -0.0113091 -0.0122839 -0.0190466 -0.0183231 -0.0038860 -0.0192856 -0.0110270 -0.0281720 -0.0200363 -0.0250511 -0.0121428 -0.0241988 -0.0318822 -0.0313620 -0.0127253 -0.0274759 -0.0189280 -0.0295024 -0.0253036 -0.0404473 -0.0102026 -0.0331687 -0.0283476 -0.0223004 -0.0063988 -0.0195231 -0.0111712 -0.0160433 -0.0264314 -0.0146735 -0.0324083 -0.0338998 -0.0310490 -0.0137496 -0.0249919 -0.0334842 -0.0234009 -0.0274134 -0.0260414 -0.0405238 -0.0504497 -0.0521211 -0.0242667 -0.0188821 -0.0272315 -0.0375371 -0.0415711 -0.0436088 -0.0439785 -0.0408180 -0.0404885 -0.0411985 -0.0423792 -0.0409000 -0.0432482 -0.0389356 -0.0431406 -0.0452081 -0.0427719 -0.0428791 -0.0442119 -0.0421388 -0.0456344 -0.0448415
0.0480789 0.0517191 0.0499289 0.0459971 0.0566899 0.0533684 0.0557648 0.0574119 0.0617976 0.0607518 0.0640963 0.0632776 0.0581108 0.0563297 0.0425535 0.0502280 0.0651542 0.0629898 0.0656512 0.9944852 0.0632432 0.0752623 0.0816495 0.0610911 -0.0092802 -0.0147623 -0.0096345 -0.0138739 -0.0172595 -0.0237379 -0.0232816 -0.0229457 -0.0193007 -0.0045345 -0.0191401 -0.0120688 -0.0092049 -0.0180826 -0.0128326 -0.0162254 -0.0071852 -0.0197553 -0.0294956 -0.0123475 -0.0014157 -0.0152606 -0.0206275 -0.0321977 -0.0189276 -0.0171260 -0.0142056 -0.0110724 -0.0174846 -0.0111700 -0.0273895 -0.0294801 -0.0286301 -0.0189431 -0.0324104 -0.0154135 -0.0329774 -0.0414944 -0.0420232 -0.0307901 -0.0304018 -0.0277247 -0.0340604 -0.0317092 -0.0475379 -0.0157580 -0.0362260 -0.0306642 -0.0255120 -0.0026523 -0.0195482 -0.0232106 -0.0239685 -0.0316253 -0.0211005 -0.0321927 -0.0484095 -0.0367978 -0.0376449 -0.0221402 -0.0426942 -0.0294497 -0.0084895 -0.0245431 -0.0264747 -0.0516189 -0.0522351 -0.0291369 -0.0064755 -0.0467460 -0.0228340 -0.0130244 -0.0145197 -0.0131397 -0.0100548 -0.0094240 -0.0126121 -0.0139209 -0.0083496 -0.0093909 -0.0085169 -0.0101758 -0.0117378 -0.0095079 -0.0116821 -0.0090693 -0.0106801 -0.0141121 -0.0137736
0.0447430 0.0416331 0.0464035 0.0394327 0.0505409 0.0472713 0.0471266 0.0507914 0.0502939 0.0501161 0.0569018 0.0528914 0.0492853 0.0498750 0.0384467 0.0402117 0.0622976 0.0556973 0.0693203 0.0632432 1.0053840 0.0696807 0.0676138 0.0676054 -0.0176935 -0.0185441 -0.0100535 -0.0197311 -0.0234041 -0.0326369 -0.0235397 -0.0308084 -0.0296609 -0.0096786 -0.0273473 -0.0215379 -0.0269617 -0.0208697 -0.0201890 -0.0192384 -0.0041782 -0.0214383 -0.0323938 -0.0172612 -0.0074646 -0.0153024 -0.0195573 -0.0477940 -0.0164515 -0.0204332 -0.0245531 -0.0094098 -0.0263531 -0.0203011 -0.0361272 -0.0248066 -0.0317774 -0.0314151 -0.0432754 -0.0247693 -0.0397497 -0.0421590 -0.0439966 -0.0269602 -0.0381200 -0.0329328 -0.0404289 -0.0486277 -0.0475649 -0.0212416 -0.0357375 -0.0264692 -0.0254975 -0.0159814 -0.0257431 -0.0308816 -0.0238150 -0.0203108 -0.0254219 -0.0289785 -0.0332955 -0.0377869 -0.0304644 -0.0237979 -0.0376596 -0.0376956 0.0019216 -0.0286800 -0.0237812 -0.0582961 -0.0592667 -0.0290045 -0.0041047 -0.0269190 -0.0213058 0.0111390 0.0135171 0.0139701 0.0155022 0.0145969 0.0131012 0.0126694 0.0152447 0.0141291 0.0161627 0.0127248 0.0127445 0.0147942 0.0120451 0.0148444 0.0137576 0.0078037 0.0137340
0.0679641 0.0676318 0.0706769 0.0642402 0.0759149 0.0716322 0.0712900 0.0771500 0.0754339 0.0731862 0.0793949 0.0799766 0.0749673 0.0754516 0.0662375 0.0651506 0.0471763 0.0599468 0.0674432 0.0752623 0.0696807 0.9770297 0.0738574 0.0709422 -0.0018944 -0.0001415 0.0033341 0.0020379 -0.0074183 -0.0141984 -0.0078110 -0.0109245 -0.0080729 0.0046633 -0.0091737 -0.0014460 -0.0050790 -0.0032387 -0.0054719 -0.0001194 0.0043794 -0.0118018 -0.0149986 -0.0017398 0.0095209 -0.0034797 -0.0084753 -0.0265056 -0.0169447 -0.0147029 -0.0079003 -0.0080655 -0.0097965 -0.0071381 -0.0239183 -0.0199947 -0.0306325 -0.0133279 -0.0190901 -0.0093478 -0.0276237 -0.0295160 -0.0302330 -0.0190633 -0.0323924 -0.0209348 -0.0337552 -0.0255641 -0.0395348 -0.0084319 -0.0351414 -0.0254028 -0.0226837 -0.0035727 -0.0180391 -0.0126047 -0.0147483 -0.0178086 -0.0014307 -0.0385683 -0.0496058 -0.0333218 -0.0283651 -0.0138755 -0.0404483 -0.0233088 -0.0276585 -0.0255751 -0.0348259 -0.0490694 -0.0489628 -0.0251064 -0.0180571 -0.0322313 -0.0379192 -0.0565691 -0.0561798 -0.0573645 -0.0526489 -0.0542307 -0.0558034 -0.0536786 -0.0535436 -0.0553907 -0.0525185 -0.0545185 -0.0542783 -0.0528399 -0.0550699 -0.0523121 -0.0570919 -0.0586810 -0.0561769
0.0475498 0.0503919 0.0527882 0.0480430 0.0588930 0.0549257 0.0551767 0.0584407 0.0610453 0.0587473 0.0648345 0.0640780 0.0589911 0.0577867 0.0449986 0.0477732 0.0530831 0.0597198 0.0619914 0.0816495 0.0676138 0.0738574 0.9832751 0.0662972 -0.0111115 -0.0186688 -0.0129913 -0.0165687 -0.0191420 -0.0249423 -0.0178817 -0.0231179 -0.0208919 -0.0058721 -0.0217157 -0.0185624 -0.0186346 -0.0190772 -0.0179843 -0.0165642 -0.0008414 -0.0179988 -0.0272144 -0.0109060 -0.0065632 -0.0110070 -0.0192123 -0.0380682 -0.0242179 -0.0189591 -0.0144089 -0.0109359 -0.0257025 -0.0134608 -0.0317391 -0.0218328 -0.0363676 -0.0154256 -0.0319127 -0.0183427 -0.0380215 -0.0417615 -0.0410381 -0.0329903 -0.0383259 -0.0249526 -0.0404842 -0.0379687 -0.0466257 -0.0189983 -0.0427972 -0.0277033 -0.0300599 -0.0079632 -0.0269420 -0.0251630 -0.0222818 -0.0311007 -0.0168759 -0.0279173 -0.0427462 -0.0345473 -0.0304431 -0.0197982 -0.0352249 -0.0299187 -0.0131619 -0.0202760 -0.0251487 -0.0585826 -0.0586290 -0.0335479 -0.0106714 -0.0361389 -0.0216762 -0.0049285 -0.0034771 -0.0063345 0.0007390 -0.0040667 -0.0017358 -0.0029171 -0.0013427 -0.0023648 0.0003352 -0.0039314 -0.0041006 -0.0014731 -0.0020625 -0.0008364 -0.0037113 -0.0077478 -0.0004149
0.0518869 0.0473351 0.0512356 0.0492821 0.0562727 0.0531559 0.0491318 0.0518887 0.0563638 0.0573073 0.0596133 0.0580218 0.0546205 0.0565432 0.0440193 0.0475926 0.0623836 0.0549722 0.0615441 0.0610911 0.0676054 0.0709422 0.0662972 0.9692782 -0.0019713 -0.0012359 -0.0045483 -0.0029582 -0.0097815 -0.0157958 -0.0127602 -0.0114042 -0.0138922 0.0006751 -0.0168262 -0.0059057 -0.0068042 -0.0056523 -0.0043815 -0.0085942 0.0052571 -0.0119907 -0.0194104 -0.0051164 0.0050063 -0.0025082 -0.0059785 -0.0321491 -0.0199827 -0.0144868 -0.0086918 -0.0051642 -0.0208913 -0.0083485 -0.0156650 -0.0191659 -0.0241231 -0.0179319 -0.0253217 -0.0202228 -0.0223617 -0.0302051 -0.0302834 -0.0236795 -0.0297410 -0.0232875 -0.0314850 -0.0312745 -0.0322209 -0.0066007 -0.0269783 -0.0171778 -0.0176168 -0.0100966 -0.0188366 -0.0125866 -0.0123299 -0.0178281 -0.0187975 -0.0322309 -0.0443808 -0.0312655 -0.0203014 -0.0186062 -0.0270972 -0.0274649 -0.0166036 -0.0278271 -0.0330034 -0.0422301 -0.0431312 -0.0274006 -0.0145527 -0.0278306 -0.0274745 -0.0339199 -0.0325025 -0.0348512 -0.0296971 -0.0301614 -0.0310378 -0.0304524 -0.0291596 -0.0301347 -0.0301411 -0.0320496 -0.0302795 -0.0339979 -0.0324016 -0.0306855 -0.0323787 -0.0357917 -0.0322392
0.0708117 0.0722234 0.0705583 0.0719239 0.0724774 0.0736924 0.0734244 0.0731211 0.0730285 0.0695842 0.0667667 0.0675279 0.0694092 0.0709599 0.0710845 0.0741623 -0.0162401 0.0024748 0.0005332 -0.0092802 -0.0176935 -0.0018944 -0.0111115 -0.0019713 0.8480690 0.0757118 0.0786865 0.0882907 0.1002853 0.1114818 0.1130805 0.0930659 0.0835212 0.0578105 0.0668576 0.0825428 0.0716121 0.0709546 0.0724935 0.0781417 0.0533593 0.0564659 0.0705664 0.0560604 0.0627324 0.0684770 0.0563087 0.0582609 -0.0021746 0.0418724 0.0280156 0.0182160 0.0302527 0.0388057 0.0372287 0.0237768 0.0232309 0.0246844 0.0636631 0.0357727 0.0627117 0.0537778 0.0538453 0.0569009 0.0470310 0.0554708 0.0404575 0.0596927 0.0467323 0.0666172 0.0420100 0.0160452 0.0162764 0.0389414 0.0382937 0.0412635 0.0252479 0.0096024 0.0221833 -0.0387357 -0.0523261 0.0328659 0.0335696 0.0417134 -0.0070052 0.0197125 -0.1115723 0.0260818 -0.0105586 0.0120928 0.0110666 0.0378204 -0.0655719 0.0255024 -0.0837823 -0.2619271 -0.2676826 -0.2626608 -0.2626108 -0.2614450 -0.2611282 -0.2604731 -0.2654539 -0.2651100 -0.2700525 -0.2687568 -0.2686795 -0.2713346 -0.2714738 -0.2719226 -0.2684106 -0.2719525 -0.2703815
0.0658678 0.0672547 0.0662395 0.0649751 0.0646459 0.0678454 0.0679720 0.0686201 0.0639504 0.0630231 0.0599973 0.0599665 0.0632019 0.0585301 0.0676947 0.0716181 -0.0194252 -0.0080021 -0.0032302 -0.0147623 -0.0185441 -0.0001415 -0.0186688 -0.0012359 0.0757118 0.8552741 0.1085407 0.0659691 0.0811117 0.0747738 0.0846025 0.0760560 0.0845409 0.0575620 0.0642275 0.0831963 0.0689044 0.0704203 0.0733816 0.0778074 0.0522925 0.0601483 0.0669695 0.0518387 0.0557153 0.0696240 0.0585070 0.0596903 0.0028684 0.0503775 0.0335715 0.0175431 0.0417130 0.0449431 0.0508998 0.0188519 0.0258126 0.0290968 0.0664821 0.0394679 0.0763852 0.0628677 0.0622981 0.0564774 0.0488562 0.0538581 0.0377962 0.0600167 0.0423334 0.0654398 0.0404479 0.0168346 0.0238820 0.0431249 0.0451849 0.0355912 0.0291900 0.0077219 0.0294001 -0.0326716 -0.0445164 0.0399585 0.0306199 0.0445725 0.0026020 0.0297597 -0.1174733 0.0270846 -0.0101884 0.0158123 0.0164752 0.0413058 -0.0589448 0.0242313 -0.0762329 -0.2544493 -0.2614883 -0.2586820 -0.2552445 -0.2569360 -0.2547803 -0.2585614 -0.2599092 -0.2599271 -0.2642252 -0.2629514 -0.2639142 -0.2639641 -0.2628512 -0.2674644 -0.2643635 -0.2643860 -0.2649622
0.0703475 0.0735688 0.0748644 0.0725270 0.0737221 0.0739522 0.0750929 0.0740221 0.0724681 0.0692731 0.0681168 0.0699996 0.0740097 0.0684196 0.0758316 0.0769177 -0.0165436 -0.0003211 0.0037163 -0.0096345 -0.0100535 0.0033341 -0.0129913 -0.0045483 0.0786865 0.1085407 0.8513011 0.0719764 0.0768299 0.0832075 0.0825911 0.0811009 0.0802229 0.0575173 0.0645617 0.0772906 0.0732752 0.0687293 0.0731512 0.0772055 0.0543779 0.0590258 0.0691284 0.0567781 0.0586708 0.0662115 0.0597551 0.0585087 -0.0012987 0.0462702 0.0262640 0.0203693 0.0344232 0.0369972 0.0422984 0.0166203 0.0224602 0.0307897 0.0635200 0.0434335 0.0699754 0.0594846 0.0587391 0.0612017 0.0521938 0.0497076 0.0393811 0.0584856 0.0423837 0.0679997 0.0460889 0.0159200 0.0151197 0.0419499 0.0438724 0.0393312 0.0247911 0.0060336 0.0269260 -0.0453198 -0.0509824 0.0381416 0.0309667 0.0392215 0.0025745 0.0237786 -0.1107770 0.0228760 -0.0111076 0.0099295 0.0096144 0.0372586 -0.0603219 0.0279098 -0.0766114 -0.2609445 -0.2667043 -0.2630106 -0.2594062 -0.2617230 -0.2587778 -0.2615169 -0.2625653 -0.2645322 -0.2674199 -0.2666944 -0.2689033 -0.2684579 -0.2687029 -0.2701367 -0.2675168 -0.2698722 -0.2685842
0.0556254 0.0586311 0.0621226 0.0614644 0.0584567 0.0594539 0.0619870 0.0604499 0.0607070 0.0595687 0.0578791 0.0580634 0.0592353 0.0593655 0.0620876 0.0621847 -0.0129415 -0.0042402 -0.0048214 -0.0138739 -0.0197311 0.0020379 -0.0165687 -0.0029582 0.0882907 0.0659691 0.0719764 0.8605303 0.1008434 0.0845495 0.0840553 0.0925498 0.0667920 0.0527601 0.0571054 0.0744265 0.0689538 0.0651793 0.0672487 0.0606292 0.0563013 0.0571294 0.0664443 0.0506837 0.0529608 0.0686853 0.0649672 0.0593395 -0.0033406 0.0398735 0.0341530 0.0191606 0.0375125 0.0446110 0.0406121 0.0134587 0.0247394 0.0236904 0.0615277 0.0315011 0.0649656 0.0574161 0.0579976 0.0535059 0.0448529 0.0484172 0.0312254 0.0597576 0.0422956 0.0635397 0.0364820 0.0191240 0.0263304 0.0338449 0.0372577 0.0339523 0.0227975 0.0051826 0.0202337 -0.0372407 -0.0438041 0.0327127 0.0295703 0.0366369 -0.0024894 0.0214961 -0.1028566 0.0228862 -0.0173226 0.0118783 0.0120418 0.0290551 -0.0636035 0.0219012 -0.0746066 -0.2386681 -0.2438845 -0.2425608 -0.2376027 -0.2373363 -0.2364891 -0.2389955 -0.2416320 -0.2436595 -0.2485130 -0.2448724 -0.2461538 -0.2472261 -0.2453853 -0.2488747 -0.2456006 -0.2485460 -0.2485827
0.0591618 0.0621130 0.0608395 0.0615895 0.0595835 0.0623288 0.0620668 0.0610561 0.0605583 0.0584560 0.0581484 0.0576441 0.0604222 0.0603592 0.0638946 0.0660529 -0.0220842 -0.0018680 -0.0062616 -0.0172595 -0.0234041 -0.0074183 -0.0191420 -0.0097815 0.1002853 0.0811117 0.0768299 0.1008434 0.8558264 0.0951334 0.0911387 0.1013812 0.0737227 0.0557667 0.0606174 0.0752928 0.0668886 0.0702067 0.0724310 0.0690346 0.0533309 0.0502330 0.0667371 0.0526592 0.0529318 0.0641892 0.0547067 0.0601055 0.0103630 0.0427106 0.0334699 0.0101820 0.0389483 0.0441567 0.0434006 0.0185376 0.0247127 0.0312673 0.0646019 0.0355633 0.0726199 0.0624055 0.0621250 0.0597411 0.0478434 0.0544383 0.0393661 0.0593398 0.0428916 0.0657742 0.0411054 0.0198791 0.0209377 0.0407034 0.0406522 0.0354698 0.0256080 0.0074369 0.0276710 -0.0344389 -0.0421386 0.0384648 0.0278974 0.0411726 -0.0015474 0.0186942 -0.1087972 0.0207159 -0.0105250 0.0179262 0.0186050 0.0347784 -0.0628768 0.0240291 -0.0752300 -0.2464210 -0.2539122 -0.2506318 -0.2487150 -0.2488031 -0.2472676 -0.2493890 -0.2529007 -0.2529695 -0.2561387 -0.2569064 -0.2555372 -0.2573329 -0.2570404 -0.2585172 -0.2570828 -0.2579166 -0.2580653
0.0564880 0.0594320 0.0604128 0.0588313 0.0569956 0.0604975 0.0622705 0.0584807 0.0585176 0.0545026 0.0524184 0.0525014 0.0564265 0.0536924 0.0616905 0.0626485 -0.0242892 -0.0113311 -0.0131758 -0.0237379 -0.0326369 -0.0141984 -0.0249423 -0.0157958 0.1114818 0.0747738 0.0832075 0.0845495 0.0951334 0.8558553 0.1135063 0.0925630 0.0754615 0.0584046 0.0676639 0.0798942 0.0743343 0.0814030 0.0726581 0.0774555 0.0524583 0.0601183 0.0774346 0.0573209 0.0613118 0.0685300 0.0617669 0.0741334 0.0045156 0.0442355 0.0304532 0.0203382 0.0398680 0.0422672 0.0534267 0.0206273 0.0246865 0.0301014 0.0671962 0.0370355 0.0774642 0.0683891 0.0694849 0.0652789 0.0513475 0.0581418 0.0447103 0.0746166 0.0539615 0.0738088 0.0484306 0.0194203 0.0266657 0.0382782 0.0392437 0.0488665 0.0253029 0.0121044 0.0285579 -0.0360652 -0.0418565 0.0448325 0.0363629 0.0430102 0.0038619 0.0293564 -0.1137400 0.0289666 -0.0101252 0.0228433 0.0230115 0.0407300 -0.0620431 0.0294547 -0.0785596 -0.2582174 -0.2661473 -0.2614982 -0.2600988 -0.2600202 -0.2580516 -0.2596994 -0.2627386 -0.2629286 -0.2677900 -0.2668798 -0.2671188 -0.2668686 -0.2690045 -0.2684889 -0.2680183 -0.2692989 -0.2690960
0.0674597 0.0696100 0.0717160 0.0683441 0.0697903 0.0667708 0.0702844 0.0692253 0.0669699 0.0640202 0.0633748 0.0630810 0.0661443 0.0627145 0.0720356 0.0734001 -0.0256787 -0.0082859 -0.0087755 -0.0232816 -0.0235397 -0.0078110 -0.0178817 -0.0127602 0.1130805 0.0846025 0.0825911 0.0840553 0.0911387 0.1135063 0.8538133 0.0941854 0.0860711 0.0626319 0.0705890 0.0889849 0.0799630 0.0829481 0.0827299 0.0835013 0.0609494 0.0624227 0.0800645 0.0598358 0.0643564 0.0795107 0.0638673 0.0735368 -0.0033823 0.0543971 0.0353687 0.0277180 0.0439585 0.0454254 0.0546865 0.0249431 0.0237273 0.0298676 0.0798232 0.0401677 0.0755271 0.0663178 0.0665369 0.0599050 0.0550171 0.0593132 0.0465606 0.0741002 0.0522551 0.0806405 0.0476402 0.0171844 0.0250496 0.0467545 0.0477882 0.0423555 0.0287144 0.0098201 0.0288474 -0.0382088 -0.0494299 0.0419928 0.0358431 0.0474130 -0.0010113 0.0274002 -0.1174902 0.0307192 -0.0098747 0.0231339 0.0233852 0.0435467 -0.0706068 0.0390937 -0.0857659 -0.2779087 -0.2844787 -0.2786269 -0.2784659 -0.2780172 -0.2757162 -0.2789204 -0.2810710 -0.2828276 -0.2857487 -0.2855648 -0.2853428 -0.2858115 -0.2868693 -0.2866971 -0.2871437 -0.2871113 -0.2863093
0.0558259 0.0605395 0.0584066 0.0586018 0.0571986 0.0567313 0.0602058 0.0589953 0.0591981 0.0554845 0.0518151 0.0538933 0.0571361 0.0550517 0.0591547 0.0649885 -0.0287025 -0.0110309 -0.0129030 -0.0229457 -0.0308084 -0.0109245 -0.0231179 -0.0114042 0.0930659 0.0760560 0.0811009 0.0925498 0.1013812 0.0925630 0.0941854 0.8536157 0.0800758 0.0555669 0.0594653 0.0816107 0.0710976 0.0696904 0.0743596 0.0684394 0.0497367 0.0565861 0.0679350 0.0522839 0.0547466 0.0684930 0.0594845 0.0621990 0.0000200 0.0467876 0.0291116 0.0226718 0.0341580 0.0461876 0.0481956 0.0236440 0.0250650 0.0324712 0.0626176 0.0412460 0.0710963 0.0675130 0.0677784 0.0560582 0.0479216 0.0528294 0.0462253 0.0625068 0.0479980 0.0689861 0.0514258 0.0207954 0.0242147 0.0356757 0.0381958 0.0441178 0.0290618 0.0103916 0.0240913 -0.0324531 -0.0410361 0.0392328 0.0293899 0.0404026 0.0024396 0.0242008 -0.1051149 0.0223458 -0.0063426 0.0111901 0.0121014 0.0357189 -0.0570781 0.0359515 -0.0737218 -0.2487647 -0.2540655 -0.2496881 -0.2487567 -0.2475387 -0.2472251 -0.2490636 -0.2517217 -0.2523353 -0.2554841 -0.2551866 -0.2568716 -0.2575128 -0.2582263 -0.2587474 -0.2575841 -0.2581779 -0.2570236
0.0679611 0.0676193 0.0699701 0.0691303 0.0677235 0.0706834 0.0717934 0.0716039 0.0686136 0.0671165 0.0631400 0.0647892 0.0692135 0.0634380 0.0718928 0.0782509 -0.0266458 -0.0069884 -0.0095886 -0.0193007 -0.0296609 -0.0080729 -0.0208919 -0.0138922 0.0835212 0.0845409 0.0802229 0.0667920 0.0737227 0.0754615 0.0860711 0.0800758 0.8530164 0.0631117 0.0777435 0.0964162 0.0775072 0.0875145 0.0910326 0.0897736 0.0593234 0.0683651 0.0819112 0.0630124 0.0659205 0.0707372 0.0621322 0.0772537 0.0042003 0.0609205 0.0388519 0.0216134 0.0452003 0.0471760 0.0530706 0.0256834 0.0295212 0.0333281 0.0802685 0.0417976 0.0793112 0.0710319 0.0700069 0.0672672 0.0591964 0.0631949 0.0512881 0.0758758 0.0529754 0.0753603 0.0504822 0.0227763 0.0234275 0.0518991 0.0486089 0.0444093 0.0338314 0.0138189 0.0308931 -0.0352827 -0.0442283 0.0433001 0.0361427 0.0471826 0.0039976 0.0354657 -0.1213747 0.0358309 -0.0054184 0.0218615 0.0218701 0.0440082 -0.0683911 0.0279172 -0.0740035 -0.2819081 -0.2847143 -0.2831197 -0.2821675 -0.2812901 -0.2792368 -0.2810796 -0.2850427 -0.2855418 -0.2904936 -0.2889718 -0.2898748 -0.2898891 -0.2908992 -0.2913900 -0.2888338 -0.2894266 -0.2905916
0.0546685 0.0566036 0.0569244 0.0554890 0.0560302 0.0557556 0.0580030 0.0575026 0.0561045 0.0541828 0.0528006 0.0539354 0.0555309 0.0542470 0.0569799 0.0572334 -0.0083198 0.0035459 0.0024718 -0.0045345 -0.0096786 0.0046633 -0.0058721 0.0006751 0.0578105 0.0575620 0.0575173 0.0527601 0.0557667 0.0584046 0.0626319 0.0555669 0.0631117 0.9236845 0.0516350 0.0621466 0.0555270 0.0558802 0.0587049 0.0578714 0.0442668 0.0462782 0.0549955 0.0433320 0.0468621 0.0526418 0.0468144 0.0517884 0.0043277 0.0398123 0.0288321 0.0163320 0.0320721 0.0327834 0.0376309 0.0175440 0.0206968 0.0234442 0.0534888 0.0316068 0.0560666 0.0498544 0.0497057 0.0451440 0.0399528 0.0436562 0.0339596 0.0525620 0.0360023 0.0523133 0.0354517 0.0159515 0.0187214 0.0358580 0.0353396 0.0317363 0.0243056 0.0104389 0.0244181 -0.0270859 -0.0318875 0.0302771 0.0261820 0.0344642 0.0033597 0.0218987 -0.0811707 0.0233122 -0.0048908 0.0182439 0.0179016 0.0318150 -0.0444439 0.0230855 -0.0556892 -0.1949568 -0.1990394 -0.1965054 -0.1954411 -0.1949984 -0.1928421 -0.1949899 -0.1972257 -0.1984514 -0.2019867 -0.2006959 -0.2021246 -0.2016952 -0.2027401 -0.2035610 -0.2022391 -0.2037147 -0.2026730
