0.8590317 0.1174497 0.0733255 0.1045574 0.0754397 0.0717696 0.0739361 0.0786812 0.0712504 0.0691003 0.0666285 0.0759389 0.0674695 0.0652567 0.0681925 0.0681478 -0.0580907 -0.0346071 -0.0339167 -0.0449462 -0.0502082 -0.0220883 -0.0463384 -0.0371544 0.0323761 0.0276627 0.0294976 0.0191148 0.0254740 0.0269872 0.0392516 0.0257423 0.0312301 0.0274976 0.0155979 0.0358883 0.0239201 0.0260531 0.0293863 0.0252960 0.0054447 0.0103017 0.0170078 0.0041440 0.0161842 0.0231125 0.0119949 0.0110987 -0.0652554 -0.0092380 -0.0267449 -0.0345234 -0.0248235 -0.0102794 -0.0176783 -0.0324121 -0.0389133 -0.0312702 0.0136814 -0.0191430 0.0198621 0.0086534 0.0086138 0.0013419 -0.0169312 0.0027688 -0.0249710 0.0102169 -0.0227833 0.0170942 -0.0239388 -0.0504444 -0.0453526 -0.0135062 -0.0249929 -0.0207892 -0.0291565 -0.0567615 -0.0335202 -0.1233612 -0.1283851 -0.0345490 -0.0373418 -0.0196971 -0.0729883 -0.0503372 -0.1750622 -0.0434182 -0.0813201 -0.0657184 -0.0663865 -0.0293695 -0.1235926 -0.0402331 -0.1550296
0.1174497 0.8606111 0.0751028 0.1144881 0.0769484 0.0786699 0.0802632 0.0808104 0.0738820 0.0724566 0.0725308 0.0765101 0.0753913 0.0699546 0.0697813 0.0729734 -0.0647545 -0.0328750 -0.0309748 -0.0431504 -0.0585770 -0.0254915 -0.0461397 -0.0452835 0.0329278 0.0285015 0.0316228 0.0211834 0.0273389 0.0299192 0.0397242 0.0297822 0.0300580 0.0293228 0.0154710 0.0369626 0.0234162 0.0300058 0.0324440 0.0295579 0.0080539 0.0105419 0.0172590 0.0072031 0.0143509 0.0248005 0.0057272 0.0071445 -0.0690354 -0.0053867 -0.0287795 -0.0366399 -0.0266532 -0.0125334 -0.0175845 -0.0343633 -0.0434922 -0.0313077 0.0139127 -0.0191403 0.0170684 0.0104462 0.0103827 0.0003291 -0.0132523 0.0019712 -0.0220765 0.0071951 -0.0258356 0.0176677 -0.0264266 -0.0533516 -0.0470926 -0.0167748 -0.0259199 -0.0163808 -0.0335895 -0.0608955 -0.0330285 -0.1314339 -0.1346436 -0.0361964 -0.0400367 -0.0245418 -0.0803280 -0.0505283 -0.1816350 -0.0416522 -0.0873946 -0.0700238 -0.0716426 -0.0297714 -0.1307213 -0.0396437 -0.1589607
0.0733255 0.0751028 0.8560025 0.0733463 0.1215135 0.1153145 0.1361138 0.1217457 0.0749211 0.0747911 0.0727862 0.0758155 0.0764285 0.0714885 0.0742578 0.0743219 -0.0612495 -0.0412003 -0.0325955 -0.0519751 -0.0589560 -0.0278925 -0.0506735 -0.0479363 0.0319209 0.0283489 0.0352637 0.0269285 0.0282087 0.0345815 0.0449242 0.0291762 0.0358293 0.0313654 0.0195570 0.0433308 0.0300213 0.0273173 0.0325557 0.0328108 0.0123043 0.0155115 0.0173726 0.0039910 0.0190243 0.0309945 0.0100819 0.0093802 -0.0754685 -0.0116723 -0.0250144 -0.0396058 -0.0255106 -0.0134254 -0.0192179 -0.0354884 -0.0406639 -0.0339225 0.0109556 -0.0215247 0.0195567 0.0088613 0.0105864 -0.0054785 -0.0195016 -0.0038071 -0.0254501 0.0085099 -0.0261140 0.0148925 -0.0277143 -0.0531764 -0.0492528 -0.0148866 -0.0229762 -0.0210009 -0.0348335 -0.0647781 -0.0349479 -0.1390742 -0.1468103 -0.0365518 -0.0386616 -0.0244190 -0.0826212 -0.0502767 -0.1877887 -0.0533706 -0.0916406 -0.0702822 -0.0723429 -0.0330598 -0.1394655 -0.0430464 -0.1693521
0.1045574 0.1144881 0.0733463 0.8710208 0.0722596 0.0737048 0.0717517 0.0774802 0.0714379 0.0656005 0.0691464 0.0706312 0.0663617 0.0659860 0.0671520 0.0695707 -0.0592220 -0.0367358 -0.0313851 -0.0475517 -0.0571138 -0.0263983 -0.0455268 -0.0400262 0.0340194 0.0264722 0.0328056 0.0258802 0.0283286 0.0303121 0.0398803 0.0283608 0.0334120 0.0277964 0.0173047 0.0359527 0.0250488 0.0308573 0.0315208 0.0286116 0.0091690 0.0137878 0.0231917 0.0074980 0.0190491 0.0258599 0.0088272 0.0107693 -0.0659366 -0.0059234 -0.0227508 -0.0361365 -0.0240739 -0.0112219 -0.0138708 -0.0343422 -0.0381240 -0.0277807 0.0153909 -0.0149894 0.0171602 0.0085868 0.0104434 0.0015972 -0.0118222 0.0001792 -0.0264509 0.0116856 -0.0242638 0.0200979 -0.0248091 -0.0482930 -0.0471571 -0.0132336 -0.0230239 -0.0182973 -0.0307159 -0.0571132 -0.0314948 -0.1287974 -0.1319161 -0.0348245 -0.0333264 -0.0186354 -0.0775089 -0.0508485 -0.1791819 -0.0431475 -0.0850518 -0.0660400 -0.0659486 -0.0279337 -0.1280558 -0.0392063 -0.1550274
0.0754397 0.0769484 0.1215135 0.0722596 0.8661252 0.1312523 0.1349539 0.1286749 0.0753814 0.0728753 0.0718729 0.0767472 0.0744389 0.0713980 0.0707006 0.0752212 -0.0680518 -0.0381794 -0.0371878 -0.0511151 -0.0605528 -0.0283603 -0.0502583 -0.0473178 0.0377809 0.0295839 0.0369447 0.0246265 0.0296071 0.0339127 0.0463722 0.0314403 0.0354278 0.0316864 0.0153706 0.0438003 0.0269160 0.0302553 0.0367078 0.0305355 0.0157012 0.0153951 0.0177424 0.0065232 0.0191675 0.0277445 0.0117925 0.0080522 -0.0724382 -0.0087386 -0.0289395 -0.0362176 -0.0279657 -0.0119397 -0.0182795 -0.0372015 -0.0422354 -0.0339086 0.0140645 -0.0265942 0.0215911 0.0147339 0.0131920 -0.0032378 -0.0121267 0.0021643 -0.0252605 0.0070205 -0.0245822 0.0217218 -0.0270721 -0.0563451 -0.0526028 -0.0138504 -0.0227565 -0.0204371 -0.0359554 -0.0659307 -0.0353244 -0.1416423 -0.1499564 -0.0364169 -0.0419371 -0.0246455 -0.0813931 -0.0503647 -0.1908703 -0.0499106 -0.0905969 -0.0702267 -0.0717068 -0.0308427 -0.1403199 -0.0471622 -0.1685022
0.0717696 0.0786699 0.1153145 0.0737048 0.1312523 0.8602105 0.1298391 0.1238987 0.0757767 0.0733226 0.0720128 0.0788930 0.0732352 0.0717582 0.0720479 0.0762072 -0.0644420 -0.0403718 -0.0343819 -0.0502270 -0.0601263 -0.0285682 -0.0503181 -0.0467729 0.0378512 0.0323082 0.0356298 0.0245614 0.0311661 0.0350487 0.0407864 0.0294440 0.0379134 0.0312606 0.0134978 0.0397615 0.0217826 0.0255803 0.0281107 0.0300362 0.0132137 0.0141398 0.0204026 0.0045019 0.0189813 0.0269901 0.0112753 0.0055402 -0.0728964 -0.0116814 -0.0324447 -0.0361213 -0.0281741 -0.0117216 -0.0209610 -0.0338845 -0.0477534 -0.0347826 0.0102877 -0.0248998 0.0202784 0.0095336 0.0097196 -0.0006481 -0.0152265 0.0022839 -0.0262217 0.0052382 -0.0222500 0.0195786 -0.0305981 -0.0565787 -0.0514192 -0.0149837 -0.0235447 -0.0202377 -0.0338130 -0.0676124 -0.0337432 -0.1377805 -0.1477421 -0.0356240 -0.0381450 -0.0229253 -0.0827217 -0.0465766 -0.1873269 -0.0513208 -0.0888217 -0.0734800 -0.0750723 -0.0309250 -0.1365995 -0.0483458 -0.1648534
0.0739361 0.0802632 0.1361138 0.0717517 0.1349539 0.1298391 0.8541895 0.1390193 0.0774127 0.0765890 0.0742716 0.0812038 0.0758565 0.0766868 0.0706039 0.0776104 -0.0700971 -0.0398188 -0.0334461 -0.0470266 -0.0617285 -0.0295694 -0.0508718 -0.0524295 0.0349011 0.0299412 0.0343844 0.0252886 0.0284308 0.0354881 0.0438493 0.0305580 0.0362073 0.0326034 0.0175053 0.0419663 0.0225200 0.0293392 0.0333955 0.0345993 0.0131637 0.0119786 0.0179256 0.0040879 0.0156658 0.0255457 0.0092650 0.0057054 -0.0739601 -0.0104135 -0.0300895 -0.0396489 -0.0293634 -0.0131069 -0.0226057 -0.0367047 -0.0422751 -0.0364327 0.0085419 -0.0307673 0.0165735 0.0102706 0.0099505 -0.0023539 -0.0135813 0.0024363 -0.0246990 0.0052081 -0.0266764 0.0208028 -0.0301422 -0.0575617 -0.0533252 -0.0157982 -0.0237106 -0.0198416 -0.0371893 -0.0655243 -0.0368441 -0.1418881 -0.1494140 -0.0371572 -0.0389879 -0.0274338 -0.0837912 -0.0515914 -0.1950922 -0.0539026 -0.0928698 -0.0723447 -0.0738029 -0.0341554 -0.1427165 -0.0508365 -0.1737850
0.0786812 0.0808104 0.1217457 0.0774802 0.1286749 0.1238987 0.1390193 0.8639234 0.0793413 0.0748277 0.0749706 0.0840436 0.0747453 0.0766534 0.0750384 0.0761965 -0.0678067 -0.0429294 -0.0329124 -0.0515265 -0.0621368 -0.0277697 -0.0510283 -0.0531445 0.0361926 0.0334023 0.0345459 0.0255019 0.0290272 0.0331715 0.0443335 0.0319326 0.0383575 0.0323151 0.0167397 0.0439002 0.0257323 0.0308363 0.0347324 0.0331152 0.0145062 0.0129775 0.0200923 0.0063562 0.0151398 0.0300869 0.0092250 0.0089733 -0.0751124 -0.0092295 -0.0325292 -0.0337825 -0.0296720 -0.0115817 -0.0185114 -0.0374255 -0.0442842 -0.0385988 0.0089274 -0.0254789 0.0207246 0.0107899 0.0107091 -0.0050651 -0.0159823 0.0022923 -0.0276147 0.0077063 -0.0239877 0.0199849 -0.0284914 -0.0554914 -0.0529869 -0.0121520 -0.0255957 -0.0193040 -0.0347864 -0.0676043 -0.0357985 -0.1422825 -0.1495854 -0.0389654 -0.0387342 -0.0243754 -0.0807447 -0.0515755 -0.1948602 -0.0478962 -0.0935787 -0.0723506 -0.0746988 -0.0324960 -0.1432420 -0.0462216 -0.1699064
0.0712504 0.0738820 0.0749211 0.0714379 0.0753814 0.0757767 0.0774127 0.0793413 0.8684222 0.1144297 0.1209387 0.1169423 0.1174281 0.1109728 0.0770727 0.0817641 -0.0679576 -0.0398720 -0.0357989 -0.0453489 -0.0620959 -0.0311496 -0.0486609 -0.0475312 0.0374772 0.0268389 0.0347581 0.0272999 0.0306021 0.0345717 0.0426309 0.0321914 0.0367262 0.0312401 0.0142332 0.0410265 0.0257810 0.0286653 0.0302936 0.0300998 0.0116741 0.0070498 0.0165538 0.0118741 0.0210980 0.0282560 0.0145470 0.0098308 -0.0730396 -0.0101934 -0.0265561 -0.0435179 -0.0290973 -0.0123949 -0.0131946 -0.0347408 -0.0445768 -0.0305831 0.0106105 -0.0223421 0.0179205 0.0111376 0.0124727 -0.0025506 -0.0149315 0.0039754 -0.0248204 0.0092702 -0.0236588 0.0216799 -0.0268896 -0.0552916 -0.0452862 -0.0171556 -0.0260624 -0.0219927 -0.0414767 -0.0649407 -0.0345771 -0.1391276 -0.1418826 -0.0352415 -0.0451152 -0.0218243 -0.0849878 -0.0525528 -0.1872694 -0.0458610 -0.0917695 -0.0777338 -0.0783450 -0.0295944 -0.1429544 -0.0446212 -0.1691569
0.0691003 0.0724566 0.0747911 0.0656005 0.0728753 0.0733226 0.0765890 0.0748277 0.1144297 0.8625500 0.1068079 0.1130185 0.1291046 0.1109819 0.0702661 0.0758671 -0.0664690 -0.0389047 -0.0376536 -0.0440303 -0.0597202 -0.0301565 -0.0479025 -0.0440640 0.0333044 0.0277825 0.0313142 0.0272962 0.0290975 0.0310905 0.0388926 0.0295701 0.0350164 0.0300132 0.0165987 0.0411544 0.0212754 0.0269704 0.0325203 0.0316538 0.0089026 0.0096409 0.0175536 0.0110926 0.0180115 0.0246506 0.0114457 0.0103002 -0.0741682 -0.0081830 -0.0272037 -0.0351110 -0.0273354 -0.0084978 -0.0188161 -0.0328924 -0.0425415 -0.0332611 0.0098944 -0.0232434 0.0178590 0.0095256 0.0092186 -0.0047502 -0.0120559 0.0023888 -0.0253885 0.0096746 -0.0243322 0.0162084 -0.0300385 -0.0530462 -0.0452316 -0.0170591 -0.0265661 -0.0211058 -0.0369757 -0.0632457 -0.0336447 -0.1335828 -0.1414144 -0.0353038 -0.0399511 -0.0210794 -0.0833974 -0.0483664 -0.1822927 -0.0488897 -0.0890307 -0.0733557 -0.0735481 -0.0305881 -0.1359440 -0.0460310 -0.1614331
0.0666285 0.0725308 0.0727862 0.0691464 0.0718729 0.0720128 0.0742716 0.0749706 0.1209387 0.1068079 0.8824002 0.1230603 0.1138173 0.1094075 0.0752505 0.0760405 -0.0652716 -0.0392195 -0.0321100 -0.0488323 -0.0598033 -0.0305739 -0.0490350 -0.0477998 0.0345984 0.0273912 0.0325760 0.0284610 0.0330080 0.0331215 0.0433215 0.0288011 0.0355254 0.0298832 0.0161001 0.0429950 0.0277340 0.0290419 0.0332405 0.0299905 0.0127878 0.0127914 0.0209708 0.0108045 0.0197119 0.0286744 0.0118439 0.0106426 -0.0718580 -0.0103927 -0.0237469 -0.0390317 -0.0256390 -0.0121359 -0.0151291 -0.0349765 -0.0427210 -0.0292209 0.0166433 -0.0178015 0.0196324 0.0111697 0.0117784 -0.0016735 -0.0142603 0.0027044 -0.0241594 0.0106231 -0.0249417 0.0165549 -0.0275578 -0.0549052 -0.0454466 -0.0157206 -0.0225956 -0.0211942 -0.0370854 -0.0621754 -0.0359676 -0.1351743 -0.1410900 -0.0362967 -0.0377283 -0.0214342 -0.0846985 -0.0521930 -0.1840992 -0.0461557 -0.0925614 -0.0712847 -0.0717572 -0.0267403 -0.1406348 -0.0416747 -0.1656160
0.0759389 0.0765101 0.0758155 0.0706312 0.0767472 0.0788930 0.0812038 0.0840436 0.1169423 0.1130185 0.1230603 0.8748534 0.1205571 0.1145201 0.0722923 0.0819973 -0.0685932 -0.0377017 -0.0348777 -0.0476585 -0.0636869 -0.0277287 -0.0485943 -0.0493245 0.0334674 0.0255761 0.0334375 0.0262541 0.0290437 0.0311908 0.0412593 0.0295037 0.0354242 0.0310704 0.0195986 0.0445439 0.0268813 0.0263286 0.0323953 0.0286669 0.0128163 0.0105251 0.0223746 0.0085461 0.0207833 0.0255943 0.0136578 0.0079648 -0.0779065 -0.0122429 -0.0280213 -0.0392485 -0.0260632 -0.0096199 -0.0168840 -0.0379738 -0.0441431 -0.0274907 0.0118790 -0.0243869 0.0158644 0.0090971 0.0102992 -0.0046268 -0.0140391 0.0013421 -0.0232674 0.0082874 -0.0246559 0.0202000 -0.0263712 -0.0571670 -0.0475620 -0.0214073 -0.0286857 -0.0199722 -0.0390242 -0.0674954 -0.0343755 -0.1360336 -0.1434964 -0.0376492 -0.0409684 -0.0260859 -0.0887123 -0.0524042 -0.1843562 -0.0498382 -0.0921818 -0.0754486 -0.0761440 -0.0332371 -0.1384582 -0.0486723 -0.1689098
0.0674695 0.0753913 0.0764285 0.0663617 0.0744389 0.0732352 0.0758565 0.0747453 0.1174281 0.1291046 0.1138173 0.1205571 0.8666735 0.1193285 0.0743746 0.0773407 -0.0718745 -0.0388232 -0.0360299 -0.0479762 -0.0635455 -0.0290670 -0.0498094 -0.0488605 0.0331762 0.0273144 0.0369973 0.0260394 0.0305296 0.0325795 0.0416803 0.0303819 0.0384563 0.0314624 0.0137585 0.0412893 0.0264669 0.0316163 0.0358542 0.0292662 0.0091394 0.0090946 0.0206502 0.0138218 0.0180927 0.0263288 0.0140453 0.0066889 -0.0744417 -0.0084143 -0.0306927 -0.0348438 -0.0242645 -0.0153655 -0.0154593 -0.0368124 -0.0447865 -0.0316107 0.0135670 -0.0241969 0.0207115 0.0095398 0.0105824 -0.0062614 -0.0117234 0.0033627 -0.0270826 0.0076482 -0.0250230 0.0191466 -0.0289018 -0.0547229 -0.0507518 -0.0156424 -0.0260689 -0.0190139 -0.0378215 -0.0634513 -0.0340496 -0.1408869 -0.1450463 -0.0390681 -0.0448378 -0.0214066 -0.0868982 -0.0532675 -0.1888479 -0.0499456 -0.0917800 -0.0758895 -0.0758338 -0.0308293 -0.1429761 -0.0448626 -0.1700244
0.0652567 0.0699546 0.0714885 0.0659860 0.0713980 0.0717582 0.0766868 0.0766534 0.1109728 0.1109819 0.1094075 0.1145201 0.1193285 0.8730799 0.0742246 0.0701942 -0.0629220 -0.0367924 -0.0312981 -0.0486171 -0.0596065 -0.0261622 -0.0484898 -0.0441671 0.0358624 0.0222711 0.0303598 0.0264553 0.0309000 0.0295342 0.0372795 0.0275874 0.0306915 0.0299658 0.0155373 0.0404816 0.0263242 0.0267801 0.0304278 0.0318330 0.0100680 0.0116572 0.0211409 0.0097053 0.0165964 0.0273266 0.0131168 0.0109499 -0.0724118 -0.0107754 -0.0281156 -0.0369154 -0.0276245 -0.0139753 -0.0159512 -0.0330732 -0.0449073 -0.0310737 0.0129075 -0.0221184 0.0184162 0.0082746 0.0098711 -0.0027210 -0.0133964 0.0003635 -0.0264698 0.0106738 -0.0232874 0.0158124 -0.0293598 -0.0560050 -0.0469895 -0.0153247 -0.0237403 -0.0171359 -0.0337469 -0.0621042 -0.0347410 -0.1361827 -0.1399169 -0.0388460 -0.0408248 -0.0225641 -0.0852853 -0.0511402 -0.1830298 -0.0492819 -0.0912308 -0.0719305 -0.0723322 -0.0280732 -0.1384116 -0.0376274 -0.1650560
0.0681925 0.0697813 0.0742578 0.0671520 0.0707006 0.0720479 0.0706039 0.0750384 0.0770727 0.0702661 0.0752505 0.0722923 0.0743746 0.0742246 0.8616837 0.0731533 -0.0567298 -0.0347889 -0.0303966 -0.0465861 -0.0530925 -0.0199856 -0.0439975 -0.0417922 0.0308433 0.0269929 0.0342279 0.0232381 0.0281672 0.0312108 0.0406214 0.0252678 0.0333387 0.0275859 0.0196987 0.0346546 0.0227639 0.0304229 0.0298176 0.0297765 0.0097222 0.0117215 0.0184269 0.0093919 0.0163639 0.0285520 0.0061036 0.0106826 -0.0660051 -0.0081241 -0.0222151 -0.0344299 -0.0242437 -0.0071475 -0.0114906 -0.0339455 -0.0370613 -0.0228871 0.0140158 -0.0182700 0.0174634 0.0091558 0.0078297 -0.0057417 -0.0126198 -0.0002992 -0.0223109 0.0104435 -0.0240008 0.0164908 -0.0242665 -0.0470179 -0.0422769 -0.0164675 -0.0236997 -0.0200253 -0.0344534 -0.0583637 -0.0306255 -0.1221685 -0.1291255 -0.0303980 -0.0301757 -0.0189905 -0.0735652 -0.0463204 -0.1722431 -0.0421467 -0.0810013 -0.0665725 -0.0674135 -0.0300856 -0.1228346 -0.0420788 -0.1511771
0.0681478 0.0729734 0.0743219 0.0695707 0.0752212 0.0762072 0.0776104 0.0761965 0.0817641 0.0758671 0.0760405 0.0819973 0.0773407 0.0701942 0.0731533 0.8652961 -0.0656505 -0.0376757 -0.0342879 -0.0438338 -0.0568218 -0.0261328 -0.0468781 -0.0428640 0.0353993 0.0324806 0.0356654 0.0245559 0.0315540 0.0331091 0.0429069 0.0333149 0.0423582 0.0279409 0.0203687 0.0412096 0.0237395 0.0311307 0.0320787 0.0289060 0.0134674 0.0139593 0.0240032 0.0066264 0.0163101 0.0300231 0.0123669 0.0084340 -0.0663279 -0.0092589 -0.0234747 -0.0358226 -0.0243760 -0.0076222 -0.0147591 -0.0363826 -0.0407138 -0.0249352 0.0125015 -0.0176595 0.0211515 0.0101880 0.0098001 -0.0029244 -0.0101129 0.0044518 -0.0221591 0.0088927 -0.0250099 0.0179842 -0.0219739 -0.0510269 -0.0427176 -0.0122335 -0.0250022 -0.0131014 -0.0331228 -0.0615622 -0.0305575 -0.1258041 -0.1338080 -0.0317687 -0.0374707 -0.0227711 -0.0747867 -0.0477056 -0.1793813 -0.0439400 -0.0835437 -0.0709558 -0.0715265 -0.0275914 -0.1097213 -0.0459632 -0.1580845
-0.0580907 -0.0647545 -0.0612495 -0.0592220 -0.0680518 -0.0644420 -0.0700971 -0.0678067 -0.0679576 -0.0664690 -0.0652716 -0.0685932 -0.0718745 -0.0629220 -0.0567298 -0.0656505 1.1183391 0.0518047 0.0541264 0.0824519 0.0870154 0.0388109 0.0630239 0.0792712 -0.0531430 -0.0473651 -0.0522728 -0.0354562 -0.0512314 -0.0517407 -0.0651201 -0.0575301 -0.0611291 -0.0285748 -0.0241331 -0.0571680 -0.0373395 -0.0400152 -0.0494119 -0.0493789 -0.0172033 -0.0199393 -0.0455784 -0.0261422 -0.0350318 -0.0360704 -0.0194177 -0.0397171 0.0643707 -0.0148210 0.0078973 0.0253346 -0.0118153 0.0004939 0.0075366 0.0164395 0.0321138 0.0088095 -0.0450689 0.0011024 -0.0406847 -0.0424942 -0.0403356 -0.0208659 -0.0097994 -0.0191443 -0.0036348 -0.0390016 -0.0002275 -0.0394782 0.0008343 0.0348259 0.0336489 -0.0006504 0.0057456 -0.0064317 0.0146815 0.0314487 0.0180212 0.1162103 0.1225648 0.0156785 0.0270276 -0.0012386 0.0650756 0.0224459 0.1723623 0.0261387 0.0729906 0.0257419 0.0286745 -0.0067617 0.1171922 0.0314996 0.1487092
-0.0346071 -0.0328750 -0.0412003 -0.0367358 -0.0381794 -0.0403718 -0.0398188 -0.0429294 -0.0398720 -0.0389047 -0.0392195 -0.0377017 -0.0388232 -0.0367924 -0.0347889 -0.0376757 0.0518047 1.0480255 0.0537608 0.0618057 0.0556138 0.0405772 0.0528680 0.0495000 -0.0344407 -0.0414200 -0.0374559 -0.0327015 -0.0308194 -0.0412685 -0.0460947 -0.0400670 -0.0422644 -0.0187692 -0.0299019 -0.0448726 -0.0297614 -0.0335240 -0.0378297 -0.0406179 -0.0161707 -0.0307068 -0.0269730 -0.0179259 -0.0215045 -0.0341268 -0.0238752 -0.0280849 0.0254181 -0.0161059 0.0043979 -0.0067528 -0.0123317 -0.0014119 -0.0187460 0.0022085 0.0098452 0.0075942 -0.0318440 -0.0040354 -0.0357511 -0.0351232 -0.0343012 -0.0188213 -0.0107314 -0.0225183 -0.0066438 -0.0290427 -0.0141689 -0.0306709 -0.0096262 0.0212632 0.0131668 -0.0054270 -0.0001370 0.0081139 0.0013535 0.0259088 0.0129476 0.0682085 0.0701326 0.0087590 0.0154230 -0.0038599 0.0400566 0.0224901 0.1116066 0.0055629 0.0385622 0.0173664 0.0191922 0.0037162 0.0802054 0.0027811 0.1000129
-0.0339167 -0.0309748 -0.0325955 -0.0313851 -0.0371878 -0.0343819 -0.0334461 -0.0329124 -0.0357989 -0.0376536 -0.0321100 -0.0348777 -0.0360299 -0.0312981 -0.0303966 -0.0342879 0.0541264 0.0537608 1.0502200 0.0534992 0.0646323 0.0406306 0.0446695 0.0493632 -0.0329199 -0.0307481 -0.0289193 -0.0303933 -0.0329353 -0.0397901 -0.0408312 -0.0378993 -0.0405279 -0.0167701 -0.0318874 -0.0334008 -0.0320713 -0.0330255 -0.0374537 -0.0297146 -0.0198699 -0.0272263 -0.0315485 -0.0210565 -0.0091805 -0.0290456 -0.0266720 -0.0235277 0.0318097 -0.0095888 0.0027086 -0.0057454 -0.0028925 -0.0031322 -0.0092873 0.0142434 0.0007204 -0.0002336 -0.0336612 0.0008649 -0.0352671 -0.0316747 -0.0299720 -0.0111542 -0.0136171 -0.0194967 -0.0054329 -0.0237803 -0.0181257 -0.0274766 -0.0165918 0.0038291 0.0088914 -0.0029642 -0.0044232 -0.0025619 0.0034078 0.0132907 0.0017825 0.0671493 0.0749511 -0.0035089 0.0167316 -0.0161844 0.0305217 0.0132731 0.1000633 0.0059238 0.0138723 0.0158716 0.0161945 -0.0005435 0.0697109 0.0045837 0.0802328
-0.0449462 -0.0431504 -0.0519751 -0.0475517 -0.0511151 -0.0502270 -0.0470266 -0.0515265 -0.0453489 -0.0440303 -0.0488323 -0.0476585 -0.0479762 -0.0486171 -0.0465861 -0.0438338 0.0824519 0.0618057 0.0534992 1.1050036 0.0643611 0.0577723 0.0841239 0.0569265 -0.0424073 -0.0402557 -0.0428526 -0.0372490 -0.0437286 -0.0475512 -0.0574156 -0.0470322 -0.0504289 -0.0227037 -0.0331019 -0.0455468 -0.0267836 -0.0412514 -0.0431364 -0.0451709 -0.0307288 -0.0334430 -0.0433381 -0.0257844 -0.0260453 -0.0423320 -0.0352071 -0.0230962 0.0434370 -0.0067322 0.0101692 0.0160395 0.0101793 -0.0051687 -0.0089912 -0.0029418 0.0111802 0.0133938 -0.0347748 0.0059542 -0.0403641 -0.0387566 -0.0377026 -0.0272390 -0.0074609 -0.0252903 -0.0009604 -0.0245508 -0.0172860 -0.0290308 -0.0089486 0.0123005 0.0152545 0.0122614 0.0092989 -0.0123054 0.0011842 0.0231936 0.0029906 0.0853858 0.0709598 0.0014033 -0.0065394 -0.0012876 0.0284966 0.0156384 0.1404945 0.0187350 0.0545506 0.0309222 0.0333462 0.0050188 0.0988383 -0.0117938 0.1187164
-0.0502082 -0.0585770 -0.0589560 -0.0571138 -0.0605528 -0.0601263 -0.0617285 -0.0621368 -0.0620959 -0.0597202 -0.0598033 -0.0636869 -0.0635455 -0.0596065 -0.0530925 -0.0568218 0.0870154 0.0556138 0.0646323 0.0643611 1.1294960 0.0548161 0.0702692 0.0735078 -0.0511431 -0.0417870 -0.0401287 -0.0425681 -0.0476672 -0.0571051 -0.0538024 -0.0549403 -0.0603318 -0.0273168 -0.0373979 -0.0556157 -0.0493659 -0.0418169 -0.0488860 -0.0453107 -0.0202289 -0.0331080 -0.0436673 -0.0269394 -0.0289552 -0.0410032 -0.0299933 -0.0427312 0.0580811 -0.0046240 0.0011475 0.0269791 0.0046421 -0.0133177 -0.0138802 0.0114033 0.0173518 -0.0013964 -0.0453419 -0.0022004 -0.0460442 -0.0334898 -0.0337649 -0.0136411 -0.0104622 -0.0262146 -0.0021975 -0.0451129 -0.0079972 -0.0335971 0.0017107 0.0304938 0.0251454 0.0003080 0.0086030 -0.0159860 0.0115080 0.0489372 0.0049356 0.1051645 0.1119188 0.0097339 0.0138770 0.0047474 0.0519655 0.0161760 0.1710256 0.0251387 0.0709071 0.0330731 0.0346457 0.0157738 0.1180933 0.0306271 0.1377689
-0.0220883 -0.0254915 -0.0278925 -0.0263983 -0.0283603 -0.0285682 -0.0295694 -0.0277697 -0.0311496 -0.0301565 -0.0305739 -0.0277287 -0.0290670 -0.0261622 -0.0199856 -0.0261328 0.0388109 0.0405772 0.0406306 0.0577723 0.0548161 1.0503091 0.0549893 0.0585393 -0.0382876 -0.0263133 -0.0315726 -0.0215920 -0.0343606 -0.0386948 -0.0409824 -0.0341799 -0.0403144 -0.0150464 -0.0261456 -0.0345511 -0.0298222 -0.0257271 -0.0391539 -0.0298622 -0.0216696 -0.0311665 -0.0294250 -0.0197428 -0.0199747 -0.0339180 -0.0287328 -0.0242862 0.0263540 -0.0162803 0.0062554 0.0087039 0.0076448 -0.0095887 -0.0147237 -0.0031963 -0.0043401 0.0074184 -0.0226008 0.0019247 -0.0393047 -0.0260900 -0.0248113 -0.0199289 -0.0226148 -0.0252677 -0.0115411 -0.0245728 -0.0183318 -0.0247199 -0.0203862 0.0061740 0.0046174 -0.0025264 -0.0040279 -0.0086582 0.0018572 0.0273796 0.0203470 0.0536616 0.0461975 -0.0056938 -0.0066516 -0.0004911 0.0181821 0.0095350 0.0875152 0.0051338 0.0224361 0.0163132 0.0189922 -0.0022746 0.0619846 -0.0044701 0.0746250
-0.0463384 -0.0461397 -0.0506735 -0.0455268 -0.0502583 -0.0503181 -0.0508718 -0.0510283 -0.0486609 -0.0479025 -0.0490350 -0.0485943 -0.0498094 -0.0484898 -0.0439975 -0.0468781 0.0630239 0.0528680 0.0446695 0.0841239 0.0702692 0.0549893 1.0823340 0.0634159 -0.0423872 -0.0427751 -0.0443750 -0.0399482 -0.0422336 -0.0477631 -0.0462797 -0.0428489 -0.0484719 -0.0224725 -0.0318708 -0.0517213 -0.0404437 -0.0394296 -0.0477923 -0.0423513 -0.0180485 -0.0286123 -0.0366149 -0.0205322 -0.0297291 -0.0362612 -0.0314801 -0.0273490 0.0359272 -0.0063221 0.0120961 0.0176687 0.0019565 -0.0051172 -0.0117402 0.0097375 0.0042681 0.0218134 -0.0286969 0.0049115 -0.0438280 -0.0331945 -0.0307253 -0.0267404 -0.0152600 -0.0186343 -0.0070222 -0.0289188 -0.0108827 -0.0299113 -0.0129547 0.0198283 0.0114667 0.0082388 -0.0006401 -0.0123927 0.0079764 0.0245652 0.0141818 0.0956451 0.0840619 0.0082651 0.0070417 0.0065046 0.0453618 0.0205847 0.1331622 0.0299261 0.0574776 0.0258927 0.0274986 0.0028014 0.0954939 0.0097170 0.1227311
-0.0371544 -0.0452835 -0.0479363 -0.0400262 -0.0473178 -0.0467729 -0.0524295 -0.0531445 -0.0475312 -0.0440640 -0.0477998 -0.0493245 -0.0488605 -0.0441671 -0.0417922 -0.0428640 0.0792712 0.0495000 0.0493632 0.0569265 0.0735078 0.0585393 0.0634159 1.0718222 -0.0381942 -0.0275886 -0.0423693 -0.0287480 -0.0387185 -0.0445246 -0.0485270 -0.0357864 -0.0492079 -0.0210801 -0.0357979 -0.0432903 -0.0308537 -0.0309834 -0.0384113 -0.0406620 -0.0168169 -0.0284810 -0.0371184 -0.0217806 -0.0202897 -0.0321274 -0.0217659 -0.0351942 0.0297659 -0.0115179 0.0109750 0.0204876 -0.0047669 -0.0071648 0.0000402 0.0036638 0.0110375 0.0076439 -0.0344976 -0.0102390 -0.0355841 -0.0304648 -0.0292479 -0.0260235 -0.0152487 -0.0280129 -0.0056790 -0.0357479 -0.0056520 -0.0232789 -0.0043639 0.0261333 0.0202282 -0.0053344 -0.0003358 -0.0018970 0.0127051 0.0321187 0.0012646 0.0773253 0.0679035 -0.0004011 0.0083023 -0.0057301 0.0453572 0.0098800 0.1252161 0.0073860 0.0358872 0.0314464 0.0329285 -0.0023720 0.0846164 0.0088174 0.1040407
0.0323761 0.0329278 0.0319209 0.0340194 0.0377809 0.0378512 0.0349011 0.0361926 0.0374772 0.0333044 0.0345984 0.0334674 0.0331762 0.0358624 0.0308433 0.0353993 -0.0531430 -0.0344407 -0.0329199 -0.0424073 -0.0511431 -0.0382876 -0.0423872 -0.0381942 0.8506923 0.0239612 0.0299239 0.0437372 0.0577808 0.0700688 0.0723529 0.0491405 0.0308001 0.0193223 0.0151651 0.0324847 0.0204986 0.0203119 0.0186018 0.0280570 0.0055072 0.0074996 0.0188246 0.0073238 0.0158347 0.0213702 0.0055772 0.0033629 -0.0512087 -0.0124347 -0.0234275 -0.0226116 -0.0231117 -0.0078263 -0.0175436 -0.0168913 -0.0249057 -0.0227792 0.0100412 -0.0139728 0.0084862 0.0011145 0.0014282 0.0030691 -0.0051579 0.0051741 -0.0139750 0.0045755 -0.0072284 0.0170339 -0.0125744 -0.0337863 -0.0345134 -0.0134522 -0.0175620 -0.0060739 -0.0245377 -0.0389053 -0.0288910 -0.0841594 -0.0998745 -0.0216631 -0.0177076 -0.0090306 -0.0590924 -0.0347971 -0.1298158 -0.0259736 -0.0556758 -0.0492960 -0.0502873 -0.0165780 -0.0973546 -0.0268219 -0.1183392
0.0276627 0.0285015 0.0283489 0.0264722 0.0295839 0.0323082 0.0299412 0.0334023 0.0268389 0.0277825 0.0273912 0.0255761 0.0273144 0.0222711 0.0269929 0.0324806 -0.0473651 -0.0414200 -0.0307481 -0.0402557 -0.0417870 -0.0263133 -0.0427751 -0.0275886 0.0239612 0.8696265 0.0649136 0.0150909 0.0337514 0.0227471 0.0321353 0.0239911 0.0276998 0.0169516 0.0084505 0.0297603 0.0136821 0.0158275 0.0200100 0.0253393 0.0036637 0.0108379 0.0102582 0.0006109 0.0056638 0.0203032 0.0078176 0.0010715 -0.0402687 -0.0019782 -0.0146674 -0.0209461 -0.0063935 0.0009313 -0.0001026 -0.0235962 -0.0205432 -0.0155850 0.0105038 -0.0085530 0.0227522 0.0101617 0.0091723 0.0005980 -0.0049632 0.0018512 -0.0176321 0.0009334 -0.0130831 0.0112652 -0.0162267 -0.0321946 -0.0212800 -0.0067470 -0.0088723 -0.0128128 -0.0182031 -0.0390607 -0.0175084 -0.0690834 -0.0796412 -0.0128092 -0.0217538 -0.0054461 -0.0421512 -0.0189435 -0.1260486 -0.0232804 -0.0531102 -0.0422801 -0.0420125 -0.0114555 -0.0779261 -0.0277628 -0.0980603
0.0294976 0.0316228 0.0352637 0.0328056 0.0369447 0.0356298 0.0343844 0.0345459 0.0347581 0.0313142 0.0325760 0.0334375 0.0369973 0.0303598 0.0342279 0.0356654 -0.0522728 -0.0374559 -0.0289193 -0.0428526 -0.0401287 -0.0315726 -0.0443750 -0.0423693 0.0299239 0.0649136 0.8624043 0.0234935 0.0292825 0.0349902 0.0326562 0.0332329 0.0252870 0.0180727 0.0112068 0.0243227 0.0216502 0.0167616 0.0197518 0.0267765 0.0059908 0.0095936 0.0159910 0.0075326 0.0097403 0.0161387 0.0096739 0.0040313 -0.0480870 -0.0065011 -0.0256748 -0.0185170 -0.0168129 -0.0106073 -0.0105218 -0.0259906 -0.0242984 -0.0140442 0.0098433 -0.0032298 0.0160893 0.0086212 0.0077991 0.0093467 0.0014317 -0.0020287 -0.0130279 0.0034021 -0.0111893 0.0174126 -0.0073108 -0.0329687 -0.0347066 -0.0090675 -0.0101527 -0.0089443 -0.0237015 -0.0407932 -0.0214423 -0.0887476 -0.0940721 -0.0150930 -0.0206750 -0.0110289 -0.0439160 -0.0275038 -0.1241993 -0.0286628 -0.0532917 -0.0489558 -0.0501778 -0.0160220 -0.0869934 -0.0223850 -0.1044889
0.0191148 0.0211834 0.0269285 0.0258802 0.0246265 0.0245614 0.0252886 0.0255019 0.0272999 0.0272962 0.0284610 0.0262541 0.0260394 0.0264553 0.0232381 0.0245559 -0.0354562 -0.0327015 -0.0303933 -0.0372490 -0.0425681 -0.0215920 -0.0399482 -0.0287480 0.0437372 0.0150909 0.0234935 0.8773388 0.0606609 0.0391833 0.0360332 0.0494991 0.0115044 0.0152522 0.0054561 0.0247507 0.0186397 0.0153829 0.0167987 0.0081220 0.0150673 0.0118643 0.0154585 0.0043098 0.0066090 0.0251308 0.0215165 0.0069260 -0.0457411 -0.0128730 -0.0085150 -0.0155880 -0.0078956 0.0060486 -0.0085424 -0.0274233 -0.0159669 -0.0189521 0.0101896 -0.0153014 0.0136544 0.0084958 0.0082905 0.0025713 -0.0053693 -0.0013049 -0.0224632 0.0073083 -0.0097654 0.0144582 -0.0164099 -0.0226967 -0.0146261 -0.0143342 -0.0144953 -0.0091082 -0.0222796 -0.0389845 -0.0250655 -0.0730166 -0.0770519 -0.0179956 -0.0169705 -0.0112522 -0.0464401 -0.0250603 -0.1059294 -0.0246052 -0.0593470 -0.0453693 -0.0450704 -0.0245624 -0.0836018 -0.0263352 -0.0948670
0.0254740 0.0273389 0.0282087 0.0283286 0.0296071 0.0311661 0.0284308 0.0290272 0.0306021 0.0290975 0.0330080 0.0290437 0.0305296 0.0309000 0.0281672 0.0315540 -0.0512314 -0.0308194 -0.0329353 -0.0437286 -0.0476672 -0.0343606 -0.0422336 -0.0387185 0.0577808 0.0337514 0.0292825 0.0606609 0.8733088 0.0499342 0.0439121 0.0600720 0.0183311 0.0174362 0.0087569 0.0230621 0.0144361 0.0189731 0.0202297 0.0165190 0.0079593 -0.0004790 0.0124533 0.0036124 0.0055011 0.0166734 0.0049531 0.0039189 -0.0302189 -0.0117241 -0.0139462 -0.0332937 -0.0093193 0.0011683 -0.0107810 -0.0232808 -0.0203980 -0.0113819 0.0105541 -0.0125827 0.0209823 0.0122526 0.0117396 0.0083479 -0.0066345 0.0042503 -0.0163394 0.0021831 -0.0139626 0.0151637 -0.0131221 -0.0272276 -0.0267302 -0.0102789 -0.0143519 -0.0109190 -0.0219634 -0.0401280 -0.0186411 -0.0767272 -0.0819373 -0.0147383 -0.0253602 -0.0091745 -0.0514586 -0.0353611 -0.1201572 -0.0338279 -0.0532261 -0.0425358 -0.0422398 -0.0209429 -0.0882089 -0.0282374 -0.1019016
0.0269872 0.0299192 0.0345815 0.0303121 0.0339127 0.0350487 0.0354881 0.0331715 0.0345717 0.0310905 0.0331215 0.0311908 0.0325795 0.0295342 0.0312108 0.0331091 -0.0517407 -0.0412685 -0.0397901 -0.0475512 -0.0571051 -0.0386948 -0.0477631 -0.0445246 0.0700688 0.0227471 0.0349902 0.0391833 0.0499342 0.8651579 0.0681285 0.0458789 0.0172223 0.0188292 0.0131015 0.0274270 0.0213219 0.0301323 0.0178207 0.0266648 0.0059720 0.0111502 0.0225519 0.0087456 0.0146256 0.0202321 0.0121960 0.0169322 -0.0474894 -0.0131769 -0.0228869 -0.0208985 -0.0124894 -0.0048120 -0.0020652 -0.0259478 -0.0279592 -0.0195716 0.0085848 -0.0158183 0.0224918 0.0140589 0.0145896 0.0096618 -0.0088570 0.0028386 -0.0151420 0.0172661 -0.0063701 0.0225920 -0.0110960 -0.0342935 -0.0248715 -0.0174451 -0.0233445 0.0027861 -0.0284156 -0.0404586 -0.0225018 -0.0879333 -0.0933556 -0.0133279 -0.0189402 -0.0131535 -0.0513257 -0.0271752 -0.1339221 -0.0281457 -0.0608560 -0.0476778 -0.0479253 -0.0193454 -0.0933442 -0.0273554 -0.1155630
0.0392516 0.0397242 0.0449242 0.0398803 0.0463722 0.0407864 0.0438493 0.0443335 0.0426309 0.0388926 0.0433215 0.0412593 0.0416803 0.0372795 0.0406214 0.0429069 -0.0651201 -0.0460947 -0.0408312 -0.0574156 -0.0538024 -0.0409824 -0.0462797 -0.0485270 0.0723529 0.0321353 0.0326562 0.0360332 0.0439121 0.0681285 0.8545718 0.0459744 0.0294584 0.0228222 0.0146183 0.0367647 0.0269328 0.0303937 0.0289867 0.0300314 0.0130689 0.0105137 0.0249715 0.0075806 0.0152902 0.0315577 0.0116314 0.0142020 -0.0619997 -0.0039875 -0.0212757 -0.0162187 -0.0136182 -0.0044584 -0.0038958 -0.0229910 -0.0345085 -0.0244147 0.0230895 -0.0162680 0.0175479 0.0091144 0.0097989 -0.0003176 -0.0052259 0.0033354 -0.0173599 0.0144594 -0.0104551 0.0299679 -0.0160550 -0.0421796 -0.0317321 -0.0089408 -0.0128872 -0.0104920 -0.0273215 -0.0489538 -0.0278121 -0.1005963 -0.1121044 -0.0223549 -0.0250965 -0.0087209 -0.0645275 -0.0356491 -0.1494877 -0.0315374 -0.0685307 -0.0516244 -0.0526469 -0.0198011 -0.1137690 -0.0205808 -0.1348702
0.0257423 0.0297822 0.0291762 0.0283608 0.0314403 0.0294440 0.0305580 0.0319326 0.0321914 0.0295701 0.0288011 0.0295037 0.0303819 0.0275874 0.0252678 0.0333149 -0.0575301 -0.0400670 -0.0378993 -0.0470322 -0.0549403 -0.0341799 -0.0428489 -0.0357864 0.0491405 0.0239911 0.0332329 0.0494991 0.0600720 0.0458789 0.0459744 0.8693925 0.0248023 0.0168761 0.0044512 0.0299583 0.0190376 0.0181858 0.0239033 0.0153772 0.0027034 0.0080168 0.0122737 0.0050975 0.0080670 0.0220543 0.0114246 0.0043140 -0.0455007 -0.0059448 -0.0208805 -0.0150020 -0.0178366 0.0029772 -0.0049827 -0.0175421 -0.0239023 -0.0109895 0.0048388 -0.0060691 0.0171218 0.0172495 0.0164028 0.0003716 -0.0081500 0.0007940 -0.0067416 0.0044359 -0.0069757 0.0172674 -0.0011108 -0.0279738 -0.0241565 -0.0174817 -0.0198275 -0.0001222 -0.0189450 -0.0384949 -0.0246448 -0.0751363 -0.0838324 -0.0166252 -0.0256949 -0.0121819 -0.0484185 -0.0303725 -0.1137421 -0.0329442 -0.0494469 -0.0552642 -0.0555623 -0.0209090 -0.0799311 -0.0148260 -0.1016055
0.0312301 0.0300580 0.0358293 0.0334120 0.0354278 0.0379134 0.0362073 0.0383575 0.0367262 0.0350164 0.0355254 0.0354242 0.0384563 0.0306915 0.0333387 0.0423582 -0.0611291 -0.0422644 -0.0405279 -0.0504289 -0.0603318 -0.0403144 -0.0484719 -0.0492079 0.0308001 0.0276998 0.0252870 0.0115044 0.0183311 0.0172223 0.0294584 0.0248023 0.8527035 0.0194450 0.0209221 0.0416393 0.0195583 0.0334481 0.0361043 0.0367457 0.0073598 0.0151941 0.0236861 0.0109195 0.0149602 0.0163674 0.0071875 0.0163237 -0.0484844 0.0045055 -0.0166857 -0.0235386 -0.0118317 -0.0031931 -0.0050207 -0.0200961 -0.0243800 -0.0194077 0.0204086 -0.0148517 0.0182633 0.0118231 0.0111713 0.0065583 -0.0012378 0.0073912 -0.0090598 0.0150527 -0.0080104 0.0185787 -0.0124119 -0.0322428 -0.0325025 -0.0047519 -0.0130227 -0.0086057 -0.0205824 -0.0403880 -0.0232257 -0.0845218 -0.0912882 -0.0182789 -0.0231115 -0.0111462 -0.0504381 -0.0215355 -0.1402253 -0.0230878 -0.0556071 -0.0468086 -0.0475757 -0.0177022 -0.1018332 -0.0321909 -0.1074690
0.0274976 0.0293228 0.0313654 0.0277964 0.0316864 0.0312606 0.0326034 0.0323151 0.0312401 0.0300132 0.0298832 0.0310704 0.0314624 0.0299658 0.0275859 0.0279409 -0.0285748 -0.0187692 -0.0167701 -0.0227037 -0.0273168 -0.0150464 -0.0224725 -0.0210801 0.0193223 0.0169516 0.0180727 0.0152522 0.0174362 0.0188292 0.0228222 0.0168761 0.0194450 0.9531624 0.0108530 0.0210717 0.0149157 0.0157384 0.0173916 0.0170741 0.0083096 0.0091507 0.0133743 0.0057335 0.0099759 0.0148762 0.0088988 0.0100035 -0.0289222 -0.0009765 -0.0078329 -0.0122611 -0.0063394 -0.0009873 -0.0027510 -0.0125545 -0.0139910 -0.0097801 0.0117419 -0.0056629 0.0145164 0.0106064 0.0104502 0.0029905 -0.0006073 0.0046073 -0.0068954 0.0103009 -0.0053964 0.0125338 -0.0070274 -0.0195388 -0.0167996 -0.0029748 -0.0061360 -0.0039164 -0.0114661 -0.0239725 -0.0109089 -0.0565910 -0.0605195 -0.0106904 -0.0131602 -0.0041495 -0.0311542 -0.0177132 -0.0818916 -0.0157523 -0.0356548 -0.0269357 -0.0274098 -0.0093527 -0.0579378 -0.0155807 -0.0706772
0.0155979 0.0154710 0.0195570 0.0173047 0.0153706 0.0134978 0.0175053 0.0167397 0.0142332 0.0165987 0.0161001 0.0195986 0.0137585 0.0155373 0.0196987 0.0203687 -0.0241331 -0.0299019 -0.0318874 -0.0331019 -0.0373979 -0.0261456 -0.0318708 -0.0357979 0.0151651 0.0084505 0.0112068 0.0054561 0.0087569 0.0131015 0.0146183 0.0044512 0.0209221 0.0108530 0.8848628 0.0219997 0.0168862 0.0148751 0.0080374 0.0153300 -0.0024265 0.0010204 0.0134344 -0.0075275 0.0035396 0.0049556 0.0002102 0.0034430 -0.0266886 -0.0056020 -0.0072990 -0.0173389 -0.0079394 -0.0010508 -0.0060445 -0.0149299 -0.0053747 -0.0044671 0.0082412 -0.0040083 0.0063648 0.0006535 -0.0002790 0.0029940 -0.0050237 0.0051156 -0.0103166 0.0036721 -0.0093626 0.0138486 -0.0043056 -0.0169032 -0.0197387 -0.0073068 -0.0103425 -0.0057717 -0.0067016 -0.0199156 -0.0057239 -0.0526282 -0.0552510 -0.0091418 -0.0024342 -0.0001376 -0.0265092 -0.0179527 -0.0790124 -0.0189638 -0.0248668 -0.0305208 -0.0310906 -0.0080715 -0.0609808 -0.0103284 -0.0643357
0.0358883 0.0369626 0.0433308 0.0359527 0.0438003 0.0397615 0.0419663 0.0439002 0.0410265 0.0411544 0.0429950 0.0445439 0.0412893 0.0404816 0.0346546 0.0412096 -0.0571680 -0.0448726 -0.0334008 -0.0455468 -0.0556157 -0.0345511 -0.0517213 -0.0432903 0.0324847 0.0297603 0.0243227 0.0247507 0.0230621 0.0274270 0.0367647 0.0299583 0.0416393 0.0210717 0.0219997 0.8613572 0.0314989 0.0281214 0.0347081 0.0316387 0.0092154 0.0121946 0.0237380 0.0082710 0.0124358 0.0224924 0.0137805 0.0064928 -0.0461962 -0.0012670 -0.0169952 -0.0247602 -0.0082997 -0.0040870 -0.0101295 -0.0112436 -0.0280817 -0.0219950 0.0217667 -0.0141925 0.0210245 0.0165429 0.0159444 0.0037853 0.0031665 0.0108509 -0.0140936 0.0091696 -0.0106750 0.0253690 -0.0131253 -0.0307412 -0.0281659 -0.0114328 -0.0122880 -0.0088122 -0.0230571 -0.0423055 -0.0253218 -0.1002616 -0.1035632 -0.0174870 -0.0202561 -0.0136194 -0.0530004 -0.0358538 -0.1421409 -0.0283319 -0.0656531 -0.0516240 -0.0526098 -0.0204249 -0.1059217 -0.0302164 -0.1259661
0.0239201 0.0234162 0.0300213 0.0250488 0.0269160 0.0217826 0.0225200 0.0257323 0.0257810 0.0212754 0.0277340 0.0268813 0.0264669 0.0263242 0.0227639 0.0237395 -0.0373395 -0.0297614 -0.0320713 -0.0267836 -0.0493659 -0.0298222 -0.0404437 -0.0308537 0.0204986 0.0136821 0.0216502 0.0186397 0.0144361 0.0213219 0.0269328 0.0190376 0.0195583 0.0149157 0.0168862 0.0314989 0.8701834 0.0201041 0.0278695 0.0208159 -0.0015964 0.0019123 0.0159222 -0.0015448 0.0108186 0.0120811 0.0022191 0.0044699 -0.0355923 -0.0063909 -0.0131613 -0.0120541 -0.0109305 -0.0032292 0.0004799 -0.0261367 -0.0199405 -0.0146436 0.0171211 -0.0052088 0.0110472 0.0054748 0.0060834 -0.0009166 0.0042651 -0.0002932 -0.0105028 0.0052837 -0.0064594 0.0228805 -0.0115608 -0.0219351 -0.0207982 -0.0060269 -0.0070386 -0.0047881 -0.0136229 -0.0331293 -0.0227215 -0.0864129 -0.0889773 -0.0168792 -0.0225983 -0.0065635 -0.0355905 -0.0290829 -0.1058379 -0.0130869 -0.0401444 -0.0377318 -0.0386019 -0.0127269 -0.0803888 -0.0182808 -0.0934211
0.0260531 0.0300058 0.0273173 0.0308573 0.0302553 0.0255803 0.0293392 0.0308363 0.0286653 0.0269704 0.0290419 0.0263286 0.0316163 0.0267801 0.0304229 0.0311307 -0.0400152 -0.0335240 -0.0330255 -0.0412514 -0.0418169 -0.0257271 -0.0394296 -0.0309834 0.0203119 0.0158275 0.0167616 0.0153829 0.0189731 0.0301323 0.0303937 0.0181858 0.0334481 0.0157384 0.0148751 0.0281214 0.0201041 0.8772489 0.0243479 0.0320519 0.0034493 0.0113055 0.0253805 0.0053653 0.0072354 0.0143448 0.0112014 0.0073454 -0.0399760 -0.0016670 -0.0102606 -0.0116281 -0.0097606 -0.0077238 0.0003243 -0.0173255 -0.0220296 -0.0089265 0.0111993 -0.0171860 0.0124706 0.0067712 0.0070975 0.0021057 -0.0045892 0.0064342 -0.0084332 0.0060467 -0.0026658 0.0215745 -0.0107737 -0.0316957 -0.0237251 -0.0056029 -0.0105608 -0.0083968 -0.0192834 -0.0258827 -0.0156990 -0.0776960 -0.0917694 -0.0134884 -0.0230521 -0.0022084 -0.0373593 -0.0318627 -0.1113290 -0.0220822 -0.0445489 -0.0306905 -0.0332193 -0.0181532 -0.0864588 -0.0211117 -0.1004556
0.0293863 0.0324440 0.0325557 0.0315208 0.0367078 0.0281107 0.0333955 0.0347324 0.0302936 0.0325203 0.0332405 0.0323953 0.0358542 0.0304278 0.0298176 0.0320787 -0.0494119 -0.0378297 -0.0374537 -0.0431364 -0.0488860 -0.0391539 -0.0477923 -0.0384113 0.0186018 0.0200100 0.0197518 0.0167987 0.0202297 0.0178207 0.0289867 0.0239033 0.0361043 0.0173916 0.0080374 0.0347081 0.0278695 0.0243479 0.8600639 0.0269751 0.0039474 0.0056854 0.0154052 0.0092625 0.0056891 0.0241306 0.0106155 0.0110029 -0.0504669 0.0003899 -0.0161043 -0.0096023 -0.0128366 -0.0029711 0.0040456 -0.0158849 -0.0166627 -0.0237886 0.0122335 -0.0199860 0.0176171 0.0086630 0.0080307 0.0057240 0.0006817 0.0053080 -0.0157021 0.0110087 -0.0124638 0.0124438 -0.0147714 -0.0333034 -0.0294247 -0.0084860 -0.0107315 -0.0104823 -0.0076454 -0.0379262 -0.0166877 -0.0756293 -0.0849923 -0.0216101 -0.0259123 -0.0044133 -0.0507846 -0.0259061 -0.1288790 -0.0252208 -0.0589152 -0.0380491 -0.0390002 -0.0142351 -0.0930765 -0.0316842 -0.0998508
0.0252960 0.0295579 0.0328108 0.0286116 0.0305355 0.0300362 0.0345993 0.0331152 0.0300998 0.0316538 0.0299905 0.0286669 0.0292662 0.0318330 0.0297765 0.0289060 -0.0493789 -0.0406179 -0.0297146 -0.0451709 -0.0453107 -0.0298622 -0.0423513 -0.0406620 0.0280570 0.0253393 0.0267765 0.0081220 0.0165190 0.0266648 0.0300314 0.0153772 0.0367457 0.0170741 0.0153300 0.0316387 0.0208159 0.0320519 0.0269751 0.8627350 0.0013865 0.0127544 0.0162766 0.0082352 0.0136689 0.0205894 0.0052339 0.0143356 -0.0495921 -0.0029477 -0.0144064 -0.0144658 -0.0082877 -0.0099157 -0.0051669 -0.0158605 -0.0202370 -0.0142354 0.0101046 -0.0099088 0.0151786 0.0055772 0.0061054 -0.0002720 -0.0043776 0.0044646 -0.0106391 0.0144411 -0.0026037 0.0138793 -0.0139929 -0.0311886 -0.0302369 -0.0071963 -0.0097938 -0.0121270 -0.0180588 -0.0393787 -0.0169732 -0.0811977 -0.0921442 -0.0176366 -0.0213817 -0.0015949 -0.0478821 -0.0247189 -0.1236390 -0.0163677 -0.0545717 -0.0419567 -0.0417769 -0.0156015 -0.0854351 -0.0181290 -0.1036850
