0.8523624 0.1383652 0.1016336 0.1263042 0.1023190 0.0996941 0.1041225 0.1063859 0.0999129 0.0972445 0.0925862 0.1019113 0.0957787 0.0939220 0.0995720 0.0995847 -0.0024586 0.0162003 0.0137653 0.0062078 0.0019300 0.0247181 0.0033428 0.0147735 0.0763271 0.0748612 0.0750636 0.0637753 0.0697112 0.0718781 0.0805314 0.0691007 0.0805928 0.0625262 0.0656648 0.0807455 0.0716732 0.0721520 0.0768618 0.0725412 0.0543745 0.0574931 0.0661507 0.0535119 0.0628100 0.0682567 0.0595716 0.0606708 -0.0038333 0.0467333 0.0290558 0.0151246 0.0300449 0.0384895 0.0382047 0.0174449 0.0168849 0.0215331 0.0629274 0.0345188 0.0674038 0.0548260 0.0544343 0.0545644 0.0384177 0.0528091 0.0326302 0.0609324 0.0334973 0.0644699 0.0343984 0.0093730 0.0135612 0.0419118 0.0350313 0.0318593 0.0257325 0.0030252 0.0222644 -0.0530052 -0.0591816 0.0266803 0.0231352 0.0353016 -0.0096433 0.0126515 -0.1220080 0.0182732 -0.0198863 0.0042401 0.0045751 0.0306701 -0.0659025 0.0185766 -0.0923962 -0.2767729 -0.2812060 -0.2791500 -0.2783942 -0.2773534 -0.2760611 -0.2766138 -0.2791788 -0.2802972 -0.2835064 -0.2842889 -0.2834663 -0.2836205 -0.2848710 -0.2859265 -0.2839317 -0.2861260 -0.2839088
0.1383652 0.8591338 0.1041613 0.1356336 0.1034142 0.1057487 0.1089837 0.1078047 0.1018696 0.1004087 0.0978052 0.1026973 0.1040501 0.0989808 0.1018909 0.1034031 -0.0060775 0.0202081 0.0184358 0.0088837 -0.0023691 0.0238238 0.0051602 0.0099103 0.0776770 0.0764662 0.0783813 0.0668904 0.0727758 0.0750670 0.0825377 0.0740078 0.0801337 0.0648096 0.0663078 0.0825569 0.0726073 0.0762108 0.0802964 0.0763597 0.0576701 0.0590064 0.0676668 0.0579049 0.0641247 0.0704947 0.0564780 0.0588572 -0.0043041 0.0518675 0.0293667 0.0145830 0.0312631 0.0379232 0.0394063 0.0175135 0.0148632 0.0235596 0.0648393 0.0365950 0.0668043 0.0576438 0.0576783 0.0554976 0.0427111 0.0544795 0.0369093 0.0591765 0.0333352 0.0661932 0.0350180 0.0090525 0.0140100 0.0417433 0.0362279 0.0371465 0.0237473 0.0017508 0.0248633 -0.0564998 -0.0605959 0.0268619 0.0231855 0.0337177 -0.0130367 0.0141185 -0.1249760 0.0214492 -0.0214135 0.0025737 0.0017917 0.0330461 -0.0689520 0.0225218 -0.0931961 -0.2856109 -0.2907887 -0.2874348 -0.2868114 -0.2864791 -0.2861042 -0.2850413 -0.2908508 -0.2899077 -0.2931142 -0.2913253 -0.2941174 -0.2922882 -0.2939305 -0.2938956 -0.2932942 -0.2954737 -0.2931299
0.1016336 0.1041613 0.8498303 0.1013494 0.1372281 0.1341749 0.1530274 0.1387019 0.1021016 0.1014019 0.0957175 0.1011568 0.1021080 0.0987084 0.1040095 0.1034044 -0.0014924 0.0152673 0.0193017 0.0034309 -0.0014556 0.0229632 0.0037721 0.0101696 0.0768303 0.0765040 0.0805220 0.0713430 0.0725506 0.0777991 0.0862640 0.0731163 0.0840632 0.0658115 0.0697975 0.0870906 0.0776154 0.0742990 0.0805104 0.0794206 0.0619554 0.0631254 0.0674970 0.0556049 0.0674557 0.0754196 0.0600546 0.0604962 -0.0070571 0.0472145 0.0334346 0.0138210 0.0330505 0.0389293 0.0402053 0.0181848 0.0193399 0.0224564 0.0622953 0.0356892 0.0684131 0.0564507 0.0580287 0.0514165 0.0389491 0.0493780 0.0353488 0.0603367 0.0343202 0.0638426 0.0349792 0.0110172 0.0142861 0.0441521 0.0394749 0.0346254 0.0240111 0.0006595 0.0244556 -0.0586713 -0.0660008 0.0288699 0.0266859 0.0347051 -0.0117560 0.0158661 -0.1246913 0.0140518 -0.0228241 0.0053269 0.0049788 0.0322218 -0.0714867 0.0205951 -0.0972205 -0.2892899 -0.2947066 -0.2920426 -0.2895129 -0.2888435 -0.2874679 -0.2892219 -0.2915190 -0.2938142 -0.2971566 -0.2962061 -0.2973661 -0.2964686 -0.2971307 -0.2988381 -0.2970305 -0.2992421 -0.2986437
0.1263042 0.1356336 0.1013494 0.8604702 0.0982017 0.1005680 0.1006863 0.1040068 0.0989468 0.0935045 0.0942470 0.0963301 0.0940913 0.0944750 0.0987055 0.0998504 -0.0017685 0.0167301 0.0165077 0.0043254 -0.0028980 0.0217080 0.0047165 0.0130073 0.0772820 0.0738531 0.0773007 0.0695150 0.0718354 0.0740230 0.0809865 0.0715314 0.0814427 0.0630004 0.0672646 0.0799075 0.0725913 0.0758707 0.0778245 0.0753089 0.0572830 0.0602411 0.0714488 0.0575694 0.0657632 0.0700651 0.0573612 0.0605915 -0.0029169 0.0494660 0.0333367 0.0140145 0.0310840 0.0386549 0.0422875 0.0172625 0.0182245 0.0247712 0.0644330 0.0383109 0.0652489 0.0555626 0.0569498 0.0555327 0.0429275 0.0504907 0.0328301 0.0621552 0.0334537 0.0667588 0.0352345 0.0127253 0.0130087 0.0425792 0.0380341 0.0340621 0.0250279 0.0038625 0.0242602 -0.0543334 -0.0589669 0.0277618 0.0276328 0.0370071 -0.0115435 0.0130687 -0.1231108 0.0193976 -0.0209951 0.0050786 0.0058665 0.0340387 -0.0672761 0.0206824 -0.0905336 -0.2795946 -0.2835566 -0.2800339 -0.2792581 -0.2801187 -0.2777528 -0.2789027 -0.2824090 -0.2831493 -0.2873799 -0.2855332 -0.2866829 -0.2864192 -0.2865376 -0.2873425 -0.2853528 -0.2890756 -0.2851856
0.1023190 0.1034142 0.1372281 0.0982017 0.8548366 0.1437918 0.1493290 0.1432873 0.0992431 0.0975191 0.0934071 0.0994145 0.0983621 0.0960954 0.1000322 0.1026638 -0.0054308 0.0178003 0.0151678 0.0052370 -0.0016961 0.0229625 0.0050494 0.0112720 0.0794751 0.0760911 0.0799705 0.0687284 0.0726684 0.0760903 0.0857534 0.0735208 0.0834910 0.0653296 0.0657976 0.0859395 0.0745462 0.0759695 0.0826494 0.0765648 0.0635236 0.0624530 0.0673288 0.0569934 0.0666338 0.0716328 0.0612523 0.0581258 -0.0037653 0.0493727 0.0308352 0.0172851 0.0309234 0.0397676 0.0398780 0.0171107 0.0177715 0.0230962 0.0636981 0.0313000 0.0689987 0.0606921 0.0587138 0.0535165 0.0440129 0.0536041 0.0354802 0.0582907 0.0352034 0.0692406 0.0352590 0.0089691 0.0123511 0.0440970 0.0398858 0.0359251 0.0238602 0.0004586 0.0243006 -0.0577866 -0.0657826 0.0288007 0.0238901 0.0342654 -0.0095142 0.0168661 -0.1246818 0.0165066 -0.0201497 0.0062954 0.0062520 0.0341027 -0.0701518 0.0178972 -0.0927608 -0.2883029 -0.2920175 -0.2887380 -0.2872485 -0.2873026 -0.2856635 -0.2869766 -0.2893139 -0.2901711 -0.2942083 -0.2947798 -0.2951309 -0.2944769 -0.2958639 -0.2961699 -0.2945258 -0.2978418 -0.2945746
0.0996941 0.1057487 0.1341749 0.1005680 0.1437918 0.8559430 0.1463330 0.1407046 0.1004217 0.0991575 0.0944697 0.1025525 0.0986080 0.0973175 0.1018180 0.1037830 -0.0033655 0.0156536 0.0174212 0.0052201 -0.0021254 0.0220372 0.0037967 0.0105425 0.0803372 0.0784349 0.0798828 0.0690731 0.0747475 0.0783553 0.0818847 0.0721843 0.0852547 0.0649997 0.0648776 0.0829319 0.0706800 0.0714977 0.0759357 0.0764202 0.0611038 0.0610168 0.0700717 0.0555195 0.0668280 0.0713773 0.0603304 0.0569867 -0.0050403 0.0465432 0.0277146 0.0165812 0.0308046 0.0395374 0.0377840 0.0191488 0.0134810 0.0213252 0.0608159 0.0325320 0.0677116 0.0558967 0.0564695 0.0547568 0.0419322 0.0535446 0.0345121 0.0566992 0.0370162 0.0675439 0.0319124 0.0085934 0.0119981 0.0425397 0.0379997 0.0343513 0.0245984 -0.0017971 0.0246888 -0.0573942 -0.0666642 0.0286099 0.0265384 0.0350890 -0.0124063 0.0188801 -0.1244033 0.0147707 -0.0208295 0.0024872 0.0013389 0.0330221 -0.0688364 0.0164598 -0.0922274 -0.2871625 -0.2903949 -0.2894639 -0.2871926 -0.2865689 -0.2852831 -0.2866130 -0.2902177 -0.2890697 -0.2956581 -0.2930059 -0.2939348 -0.2950578 -0.2958894 -0.2948485 -0.2930600 -0.2949781 -0.2956671
0.1041225 0.1089837 0.1530274 0.1006863 0.1493290 0.1463330 0.8553866 0.1543531 0.1036061 0.1031457 0.0977632 0.1058252 0.1024955 0.1038226 0.1024382 0.1066681 -0.0057236 0.0175283 0.0195474 0.0089538 -0.0013416 0.0229000 0.0049152 0.0072978 0.0795782 0.0783827 0.0806996 0.0711945 0.0741532 0.0797563 0.0852403 0.0753228 0.0858305 0.0673482 0.0698870 0.0866709 0.0727727 0.0767985 0.0819867 0.0820195 0.0625803 0.0607896 0.0692483 0.0571524 0.0660336 0.0717958 0.0606981 0.0584655 -0.0046993 0.0482755 0.0309439 0.0150979 0.0306410 0.0401822 0.0374467 0.0184038 0.0188103 0.0216237 0.0613863 0.0291316 0.0667107 0.0593096 0.0583176 0.0555993 0.0447319 0.0555210 0.0382028 0.0592315 0.0355038 0.0700729 0.0338491 0.0093176 0.0122045 0.0441903 0.0401714 0.0361224 0.0244720 0.0008853 0.0239394 -0.0590713 -0.0668034 0.0285121 0.0268480 0.0330851 -0.0116690 0.0164683 -0.1296403 0.0142794 -0.0220795 0.0045840 0.0043547 0.0313779 -0.0727746 0.0161930 -0.0988211 -0.2953914 -0.3008189 -0.2974477 -0.2971418 -0.2963499 -0.2933413 -0.2965810 -0.2994022 -0.2990029 -0.3039038 -0.3022311 -0.3047497 -0.3023413 -0.3047764 -0.3045128 -0.3039802 -0.3026741 -0.3038009
0.1063859 0.1078047 0.1387019 0.1040068 0.1432873 0.1407046 0.1543531 0.8572648 0.1046354 0.1002613 0.0974432 0.1069288 0.1003659 0.1020129 0.1046669 0.1049009 -0.0041422 0.0151331 0.0206294 0.0067123 -0.0010372 0.0248569 0.0049150 0.0074223 0.0802654 0.0800473 0.0803106 0.0707058 0.0743183 0.0772630 0.0852490 0.0753475 0.0871555 0.0669777 0.0683434 0.0872198 0.0750766 0.0770583 0.0821493 0.0798713 0.0638474 0.0615939 0.0706945 0.0583076 0.0649829 0.0745455 0.0600312 0.0602921 -0.0049340 0.0493470 0.0287790 0.0195338 0.0307698 0.0414797 0.0414596 0.0177823 0.0181465 0.0196480 0.0609151 0.0337975 0.0697688 0.0586583 0.0588743 0.0531190 0.0427623 0.0550418 0.0358351 0.0600963 0.0376885 0.0682050 0.0357865 0.0116119 0.0128263 0.0467941 0.0394013 0.0370666 0.0260646 0.0004625 0.0251055 -0.0581991 -0.0659171 0.0281663 0.0273744 0.0359218 -0.0081585 0.0169966 -0.1276629 0.0195723 -0.0216784 0.0053299 0.0046773 0.0335724 -0.0712812 0.0202497 -0.0941297 -0.2943472 -0.2988238 -0.2956327 -0.2942762 -0.2947390 -0.2929165 -0.2944607 -0.2978754 -0.2984782 -0.3020354 -0.3017038 -0.3014110 -0.3021119 -0.3027627 -0.3036774 -0.3013141 -0.3037826 -0.3022725
0.0999129 0.1018696 0.1021016 0.0989468 0.0992431 0.1004217 0.1036061 0.1046354 0.8579212 0.1310316 0.1333998 0.1324621 0.1341880 0.1287756 0.1065961 0.1086428 -0.0047346 0.0169125 0.0169189 0.0098383 -0.0025274 0.0216637 0.0065025 0.0108638 0.0803636 0.0755415 0.0788792 0.0711372 0.0738964 0.0778380 0.0833872 0.0756666 0.0844998 0.0656470 0.0659772 0.0841375 0.0732901 0.0748978 0.0780556 0.0771876 0.0607134 0.0561999 0.0674523 0.0617010 0.0688301 0.0722243 0.0633923 0.0612314 -0.0046228 0.0486869 0.0329056 0.0114234 0.0300005 0.0400278 0.0448950 0.0190384 0.0161033 0.0252890 0.0617429 0.0347477 0.0668873 0.0579921 0.0590578 0.0533672 0.0420560 0.0560233 0.0370721 0.0612202 0.0368239 0.0692473 0.0358894 0.0107716 0.0180578 0.0423489 0.0377656 0.0340187 0.0202787 0.0018457 0.0253423 -0.0566872 -0.0603092 0.0298733 0.0211415 0.0376012 -0.0128359 0.0148976 -0.1219874 0.0201104 -0.0211628 0.0000220 0.0004796 0.0354101 -0.0721561 0.0201924 -0.0945881 -0.2905476 -0.2941664 -0.2904769 -0.2898762 -0.2890810 -0.2886829 -0.2899002 -0.2929345 -0.2938014 -0.2969175 -0.2968556 -0.2958315 -0.2969953 -0.2980371 -0.2974343 -0.2978843 -0.3006290 -0.2969167
0.0972445 0.1004087 0.1014019 0.0935045 0.0975191 0.0991575 0.1031457 0.1002613 0.1310316 0.8538001 0.1218422 0.1298461 0.1427764 0.1280413 0.0997059 0.1036611 -0.0061826 0.0160054 0.0134300 0.0094760 -0.0022796 0.0203577 0.0049957 0.0123762 0.0765174 0.0742749 0.0753456 0.0696799 0.0715371 0.0734923 0.0799110 0.0716249 0.0826823 0.0636182 0.0662091 0.0833424 0.0684933 0.0716804 0.0787094 0.0771030 0.0570003 0.0569999 0.0668428 0.0597934 0.0649280 0.0683837 0.0589963 0.0601381 -0.0067580 0.0479515 0.0305341 0.0163137 0.0303720 0.0410897 0.0380755 0.0187416 0.0160451 0.0215967 0.0598500 0.0332112 0.0657222 0.0560678 0.0551183 0.0497943 0.0425122 0.0527867 0.0344431 0.0595739 0.0337924 0.0635135 0.0323232 0.0101561 0.0157793 0.0399898 0.0355897 0.0335118 0.0208482 0.0011290 0.0243609 -0.0545092 -0.0630128 0.0280021 0.0234501 0.0361365 -0.0136183 0.0165753 -0.1212689 0.0153233 -0.0215959 0.0017581 0.0026917 0.0323256 -0.0695089 0.0170162 -0.0902592 -0.2828655 -0.2859039 -0.2848676 -0.2817613 -0.2809970 -0.2795990 -0.2822703 -0.2838641 -0.2853094 -0.2888685 -0.2888678 -0.2891399 -0.2879839 -0.2898065 -0.2903995 -0.2887593 -0.2908059 -0.2896953
0.0925862 0.0978052 0.0957175 0.0942470 0.0934071 0.0944697 0.0977632 0.0974432 0.1333998 0.1218422 0.8672631 0.1342263 0.1276137 0.1236154 0.1018347 0.1013243 -0.0038953 0.0163554 0.0181570 0.0061831 -0.0015206 0.0198463 0.0049722 0.0094182 0.0749827 0.0730998 0.0756424 0.0697466 0.0730985 0.0737210 0.0814584 0.0701958 0.0811102 0.0628040 0.0650093 0.0828430 0.0724468 0.0724595 0.0779455 0.0740984 0.0590271 0.0584275 0.0680649 0.0586639 0.0647321 0.0705614 0.0589203 0.0591605 -0.0043960 0.0463110 0.0333079 0.0134938 0.0309467 0.0374592 0.0411639 0.0179313 0.0169715 0.0247845 0.0636665 0.0365494 0.0651698 0.0555162 0.0559274 0.0524842 0.0411080 0.0533736 0.0356704 0.0592103 0.0346515 0.0628984 0.0335843 0.0090410 0.0160525 0.0415106 0.0385663 0.0334098 0.0217815 0.0033494 0.0216534 -0.0536291 -0.0596134 0.0279225 0.0253419 0.0355317 -0.0127264 0.0141191 -0.1192258 0.0187491 -0.0225223 0.0044805 0.0051813 0.0354468 -0.0705991 0.0212981 -0.0910825 -0.2779896 -0.2830894 -0.2802311 -0.2777739 -0.2784995 -0.2771602 -0.2784534 -0.2813860 -0.2815811 -0.2838556 -0.2851356 -0.2855993 -0.2855263 -0.2873925 -0.2867961 -0.2878089 -0.2897739 -0.2861008
0.1019113 0.1026973 0.1011568 0.0963301 0.0994145 0.1025525 0.1058252 0.1069288 0.1324621 0.1298461 0.1342263 0.8631530 0.1343804 0.1297678 0.1008418 0.1073933 -0.0057485 0.0178101 0.0170017 0.0077234 -0.0036838 0.0224803 0.0058359 0.0091113 0.0755871 0.0724954 0.0770855 0.0694001 0.0719578 0.0730966 0.0809051 0.0717898 0.0819853 0.0642190 0.0690360 0.0858455 0.0730182 0.0717623 0.0787134 0.0750330 0.0605665 0.0574476 0.0701160 0.0582591 0.0673905 0.0692304 0.0617009 0.0583975 -0.0079359 0.0457894 0.0309150 0.0136176 0.0321536 0.0409202 0.0404242 0.0158844 0.0168539 0.0272292 0.0612322 0.0323312 0.0639099 0.0553005 0.0562323 0.0507520 0.0423895 0.0522973 0.0367130 0.0588740 0.0349966 0.0669047 0.0355904 0.0082239 0.0153883 0.0390319 0.0355311 0.0350323 0.0212653 -0.0009292 0.0243132 -0.0537866 -0.0616997 0.0272797 0.0237883 0.0328155 -0.0158236 0.0146810 -0.1198486 0.0161062 -0.0223772 0.0023161 0.0024912 0.0309626 -0.0684640 0.0157949 -0.0936916 -0.2857510 -0.2887270 -0.2859844 -0.2848392 -0.2849625 -0.2841373 -0.2850323 -0.2867092 -0.2896056 -0.2905756 -0.2906620 -0.2914574 -0.2919547 -0.2921281 -0.2923835 -0.2927271 -0.2945502 -0.2929510
0.0957787 0.1040501 0.1021080 0.0940913 0.0983621 0.0986080 0.1024955 0.1003659 0.1341880 0.1427764 0.1276137 0.1343804 0.8611298 0.1358372 0.1032944 0.1046716 -0.0081731 0.0170966 0.0167896 0.0069078 -0.0030787 0.0225455 0.0048388 0.0095938 0.0765166 0.0746417 0.0803038 0.0695100 0.0734422 0.0754027 0.0822865 0.0733503 0.0849344 0.0651978 0.0643009 0.0839783 0.0741162 0.0757506 0.0808289 0.0755799 0.0583787 0.0572786 0.0695651 0.0625952 0.0662176 0.0711600 0.0630418 0.0579302 -0.0056825 0.0492222 0.0281498 0.0175646 0.0341755 0.0365643 0.0421228 0.0171328 0.0157113 0.0243394 0.0638150 0.0334751 0.0690282 0.0564933 0.0574060 0.0505431 0.0453651 0.0543079 0.0346298 0.0588269 0.0347128 0.0662697 0.0340496 0.0109280 0.0132139 0.0432708 0.0374210 0.0357501 0.0221172 0.0025664 0.0249521 -0.0583916 -0.0636055 0.0268143 0.0217439 0.0366120 -0.0145308 0.0140850 -0.1239160 0.0163950 -0.0223443 0.0011444 0.0021861 0.0333426 -0.0731621 0.0190752 -0.0951032 -0.2882205 -0.2928267 -0.2898661 -0.2862818 -0.2864780 -0.2861390 -0.2881974 -0.2904416 -0.2916223 -0.2946149 -0.2953764 -0.2943259 -0.2958230 -0.2970815 -0.2968950 -0.2950732 -0.2986336 -0.2961744
0.0939220 0.0989808 0.0987084 0.0944750 0.0960954 0.0973175 0.1038226 0.1020129 0.1287756 0.1280413 0.1236154 0.1297678 0.1358372 0.8631915 0.1034521 0.0983969 -0.0022525 0.0178402 0.0190069 0.0053735 -0.0019000 0.0232132 0.0040443 0.0117488 0.0779393 0.0699871 0.0747810 0.0695836 0.0734565 0.0724028 0.0787148 0.0713427 0.0788129 0.0637238 0.0653845 0.0834016 0.0729072 0.0718258 0.0772592 0.0772914 0.0573723 0.0585983 0.0696393 0.0589930 0.0646915 0.0705477 0.0607137 0.0607543 -0.0054401 0.0470624 0.0302297 0.0146065 0.0300305 0.0369010 0.0408317 0.0189117 0.0143282 0.0237052 0.0629157 0.0340486 0.0669041 0.0552847 0.0558703 0.0523002 0.0425670 0.0517323 0.0335440 0.0609207 0.0349153 0.0641653 0.0328421 0.0076944 0.0145166 0.0419704 0.0384073 0.0370637 0.0242233 0.0013686 0.0231352 -0.0564973 -0.0618034 0.0254881 0.0227824 0.0345750 -0.0146540 0.0147137 -0.1213567 0.0157513 -0.0223227 0.0028855 0.0033520 0.0341022 -0.0719386 0.0237921 -0.0938173 -0.2830265 -0.2869536 -0.2843263 -0.2833673 -0.2829832 -0.2807854 -0.2835377 -0.2852944 -0.2867178 -0.2889547 -0.2894593 -0.2900384 -0.2887264 -0.2916982 -0.2918914 -0.2900490 -0.2917638 -0.2917379
0.0995720 0.1018909 0.1040095 0.0987055 0.1000322 0.1018180 0.1024382 0.1046669 0.1065961 0.0997059 0.1018347 0.1008418 0.1032944 0.1034521 0.8577082 0.1052573 -0.0015882 0.0163406 0.0171574 0.0044703 -0.0002128 0.0268829 0.0048629 0.0106255 0.0760671 0.0758984 0.0802426 0.0693934 0.0734972 0.0757401 0.0837986 0.0711228 0.0832572 0.0641928 0.0702062 0.0807399 0.0718636 0.0771489 0.0785508 0.0773816 0.0591907 0.0601420 0.0682687 0.0597051 0.0646040 0.0737040 0.0565698 0.0607823 -0.0046469 0.0484407 0.0338403 0.0158461 0.0321137 0.0421760 0.0437634 0.0161792 0.0188804 0.0286550 0.0643825 0.0370032 0.0673036 0.0573828 0.0555268 0.0499726 0.0431943 0.0513435 0.0360909 0.0613569 0.0343038 0.0663369 0.0356055 0.0129548 0.0168383 0.0408259 0.0372084 0.0338852 0.0222311 0.0019025 0.0254116 -0.0521243 -0.0597462 0.0308243 0.0293777 0.0376103 -0.0097727 0.0160705 -0.1216795 0.0186467 -0.0198181 0.0035388 0.0039453 0.0315744 -0.0656511 0.0188081 -0.0899113 -0.2808157 -0.2867919 -0.2854237 -0.2829205 -0.2821228 -0.2800682 -0.2840970 -0.2852051 -0.2855785 -0.2897979 -0.2890984 -0.2894681 -0.2892703 -0.2897469 -0.2912866 -0.2898944 -0.2915710 -0.2910142
0.0995847 0.1034031 0.1034044 0.0998504 0.1026638 0.1037830 0.1066681 0.1049009 0.1086428 0.1036611 0.1013243 0.1073933 0.1046716 0.0983969 0.1052573 0.8575906 -0.0069932 0.0163775 0.0158359 0.0088816 -0.0014628 0.0226504 0.0047453 0.0115644 0.0795038 0.0804320 0.0816406 0.0700565 0.0763688 0.0777130 0.0860350 0.0778049 0.0906299 0.0646786 0.0709979 0.0862343 0.0727383 0.0784795 0.0806036 0.0772964 0.0624605 0.0626398 0.0740991 0.0578841 0.0655576 0.0753514 0.0624173 0.0596701 -0.0022705 0.0483512 0.0342377 0.0157177 0.0330051 0.0432276 0.0427522 0.0163578 0.0175572 0.0281285 0.0644003 0.0374071 0.0705353 0.0585543 0.0581953 0.0530384 0.0456837 0.0562638 0.0374186 0.0610262 0.0342268 0.0673587 0.0390085 0.0111174 0.0179386 0.0451137 0.0372424 0.0399283 0.0246218 0.0018390 0.0260138 -0.0520639 -0.0600736 0.0307700 0.0252016 0.0351509 -0.0086625 0.0167545 -0.1228824 0.0196290 -0.0191616 0.0028234 0.0032609 0.0346824 -0.0488241 0.0174109 -0.0923082 -0.2865145 -0.2910858 -0.2888525 -0.2844516 -0.2863269 -0.2834268 -0.2865289 -0.2890051 -0.2906173 -0.2933165 -0.2937439 -0.2940904 -0.2939006 -0.2952655 -0.2960065 -0.2949215 -0.2961401 -0.2948184
-0.0024586 -0.0060775 -0.0014924 -0.0017685 -0.0054308 -0.0033655 -0.0057236 -0.0041422 -0.0047346 -0.0061826 -0.0038953 -0.0057485 -0.0081731 -0.0022525 -0.0015882 -0.0069932 0.9594404 0.0113382 0.0138417 0.0256731 0.0222092 0.0069352 0.0119607 0.0277195 -0.0108521 -0.0109470 -0.0118113 -0.0052720 -0.0125929 -0.0107899 -0.0141822 -0.0168995 -0.0153667 -0.0027018 -0.0043870 -0.0108632 -0.0066445 -0.0065403 -0.0105302 -0.0103770 -0.0026081 -0.0042027 -0.0140368 -0.0103072 -0.0118045 -0.0051343 -0.0033692 -0.0146802 0.0015338 -0.0119899 -0.0079149 -0.0037310 -0.0186916 -0.0046992 -0.0000610 -0.0112220 -0.0025099 -0.0108908 -0.0162504 -0.0087036 -0.0096769 -0.0159688 -0.0145939 -0.0112009 -0.0103738 -0.0098576 -0.0146948 -0.0142671 -0.0107977 -0.0116634 -0.0115315 -0.0060442 -0.0035640 -0.0071418 -0.0077036 -0.0129299 -0.0078218 -0.0129240 -0.0054993 -0.0025496 -0.0025105 -0.0075269 -0.0014269 -0.0079526 -0.0045439 -0.0111149 -0.0037984 -0.0058799 -0.0041135 -0.0210937 -0.0201122 -0.0191615 -0.0085508 -0.0027025 -0.0031626 0.0069990 0.0057880 0.0068659 0.0073006 0.0066960 0.0063700 0.0078784 0.0076113 0.0061413 0.0060960 0.0061133 0.0045642 0.0055297 0.0045291 0.0040661 0.0065094 -0.0001308 0.0041648
0.0162003 0.0202081 0.0152673 0.0167301 0.0178003 0.0156536 0.0175283 0.0151331 0.0169125 0.0160054 0.0163554 0.0178101 0.0170966 0.0178402 0.0163406 0.0163775 0.0113382 0.9295452 0.0268740 0.0227018 0.0142811 0.0186201 0.0171154 0.0192471 0.0078589 0.0006259 0.0043105 0.0035316 0.0082726 0.0029005 0.0036721 0.0013103 0.0045548 0.0099488 0.0015183 0.0037957 0.0057484 0.0052892 0.0049130 0.0021170 0.0068046 -0.0035453 0.0059919 0.0042580 0.0058731 0.0032686 0.0029263 0.0000288 -0.0089491 -0.0017789 0.0011644 -0.0136226 -0.0074391 0.0045763 -0.0067549 -0.0083264 -0.0043293 -0.0012572 -0.0001324 -0.0012686 0.0012295 -0.0039850 -0.0037813 -0.0000303 -0.0008327 -0.0020187 -0.0046601 -0.0005324 -0.0076313 0.0018051 -0.0046621 -0.0018445 -0.0025880 0.0018045 0.0009301 0.0078913 -0.0043044 -0.0033031 0.0025891 -0.0140822 -0.0169610 0.0013963 0.0024858 -0.0004441 -0.0033411 0.0023899 -0.0244419 -0.0057703 -0.0101604 -0.0107872 -0.0100556 -0.0008657 -0.0145560 -0.0079607 -0.0155092 -0.0484760 -0.0527160 -0.0504585 -0.0479710 -0.0494936 -0.0486454 -0.0509292 -0.0516211 -0.0495524 -0.0508444 -0.0527446 -0.0545838 -0.0553967 -0.0544681 -0.0536399 -0.0535977 -0.0575148 -0.0523885
0.0137653 0.0184358 0.0193017 0.0165077 0.0151678 0.0174212 0.0195474 0.0206294 0.0169189 0.0134300 0.0181570 0.0170017 0.0167896 0.0190069 0.0171574 0.0158359 0.0138417 0.0268740 0.9381499 0.0200176 0.0224817 0.0211739 0.0139145 0.0213845 0.0065992 0.0064896 0.0090473 0.0037403 0.0049064 0.0028072 0.0044873 0.0009693 0.0034645 0.0096692 -0.0028592 0.0091969 0.0037095 0.0038693 0.0046378 0.0078016 0.0041652 -0.0012464 0.0026041 0.0002358 0.0131719 0.0055751 0.0010017 0.0011315 -0.0039889 0.0019706 0.0000056 -0.0132998 -0.0014493 0.0030438 0.0002894 -0.0001622 -0.0080905 -0.0054776 -0.0014928 0.0016122 0.0004137 -0.0025424 -0.0010374 0.0055757 -0.0024117 -0.0017256 -0.0029131 0.0021177 -0.0100627 0.0026343 -0.0095875 -0.0115399 -0.0057193 0.0028275 -0.0008537 0.0002432 -0.0028614 -0.0092000 -0.0033313 -0.0118482 -0.0101741 -0.0053360 0.0054274 -0.0076554 -0.0086993 -0.0025378 -0.0288780 -0.0054538 -0.0220292 -0.0101807 -0.0109097 -0.0024454 -0.0184504 -0.0051165 -0.0243160 -0.0474539 -0.0512439 -0.0503401 -0.0485725 -0.0473309 -0.0475289 -0.0488850 -0.0492706 -0.0513912 -0.0491393 -0.0512397 -0.0538019 -0.0518687 -0.0521410 -0.0542471 -0.0512232 -0.0528689 -0.0543716
0.0062078 0.0088837 0.0034309 0.0043254 0.0052370 0.0052201 0.0089538 0.0067123 0.0098383 0.0094760 0.0061831 0.0077234 0.0069078 0.0053735 0.0044703 0.0088816 0.0256731 0.0227018 0.0200176 0.9607970 0.0143624 0.0258373 0.0307476 0.0187557 -0.0028773 -0.0046180 -0.0040523 -0.0046000 -0.0052273 -0.0067548 -0.0089923 -0.0082139 -0.0057356 0.0028827 -0.0055415 -0.0015156 0.0016177 -0.0049863 -0.0038435 -0.0061362 -0.0076756 -0.0094065 -0.0108192 -0.0068651 -0.0022713 -0.0080188 -0.0110414 -0.0020907 -0.0049062 -0.0028791 -0.0014641 -0.0047855 0.0006141 -0.0036374 -0.0063130 -0.0181099 -0.0072818 -0.0035490 -0.0070729 -0.0009477 -0.0071632 -0.0106977 -0.0100502 -0.0115530 -0.0037562 -0.0095864 -0.0057682 -0.0022671 -0.0155793 -0.0023800 -0.0111834 -0.0129691 -0.0079216 0.0071120 0.0002544 -0.0111725 -0.0100433 -0.0133422 -0.0088473 -0.0104369 -0.0232161 -0.0094768 -0.0172611 -0.0040613 -0.0166544 -0.0072873 -0.0101622 -0.0029325 -0.0067952 -0.0087022 -0.0083042 -0.0057426 -0.0060088 -0.0231750 -0.0089020 -0.0194259 -0.0228577 -0.0199662 -0.0185968 -0.0168757 -0.0195690 -0.0207906 -0.0172293 -0.0181873 -0.0194231 -0.0189562 -0.0210407 -0.0192474 -0.0217214 -0.0199653 -0.0204685 -0.0220025 -0.0240353
0.0019300 -0.0023691 -0.0014556 -0.0028980 -0.0016961 -0.0021254 -0.0013416 -0.0010372 -0.0025274 -0.0022796 -0.0015206 -0.0036838 -0.0030787 -0.0019000 -0.0002128 -0.0014628 0.0222092 0.0142811 0.0224817 0.0143624 0.9696407 0.0189208 0.0163555 0.0242050 -0.0111596 -0.0083113 -0.0043631 -0.0103574 -0.0111555 -0.0154768 -0.0090599 -0.0160927 -0.0157799 -0.0027241 -0.0138697 -0.0108030 -0.0160904 -0.0076624 -0.0111099 -0.0090426 -0.0047976 -0.0108181 -0.0132806 -0.0115169 -0.0084759 -0.0081460 -0.0095790 -0.0178637 -0.0022194 -0.0059311 -0.0115140 -0.0031109 -0.0079816 -0.0127899 -0.0151043 -0.0131740 -0.0104481 -0.0159391 -0.0176456 -0.0101387 -0.0136051 -0.0106597 -0.0117131 -0.0073389 -0.0112171 -0.0145784 -0.0122631 -0.0193829 -0.0150173 -0.0076108 -0.0100600 -0.0082082 -0.0076593 -0.0060572 -0.0058964 -0.0182498 -0.0097395 -0.0012885 -0.0130865 -0.0065588 -0.0074363 -0.0103369 -0.0098458 -0.0049886 -0.0109248 -0.0150745 0.0004461 -0.0065605 -0.0036769 -0.0147040 -0.0150174 -0.0052792 -0.0034968 -0.0029109 -0.0068486 0.0052441 0.0055487 0.0074476 0.0072863 0.0076508 0.0065610 0.0061546 0.0067382 0.0056171 0.0057067 0.0042027 0.0038049 0.0053075 0.0025777 0.0041618 0.0042975 0.0002841 0.0038641
0.0247181 0.0238238 0.0229632 0.0217080 0.0229625 0.0220372 0.0229000 0.0248569 0.0216637 0.0203577 0.0198463 0.0224803 0.0225455 0.0232132 0.0268829 0.0226504 0.0069352 0.0186201 0.0211739 0.0258373 0.0189208 0.9415609 0.0213478 0.0275296 0.0047195 0.0104391 0.0092496 0.0116976 0.0047042 0.0034391 0.0067974 0.0042654 0.0059974 0.0125626 0.0049015 0.0095297 0.0062651 0.0103045 0.0036319 0.0100283 0.0037911 -0.0009810 0.0046475 0.0039537 0.0085237 0.0038001 0.0015434 0.0043963 -0.0026825 -0.0001443 0.0052556 -0.0016978 0.0086997 0.0004505 -0.0025625 -0.0084867 -0.0089245 0.0025661 0.0066949 0.0056171 -0.0010111 0.0023249 0.0028890 0.0007579 -0.0051423 -0.0022158 -0.0050365 0.0044223 -0.0065860 0.0056544 -0.0096506 -0.0069071 -0.0047446 0.0064408 0.0023232 -0.0001983 -0.0005949 0.0010178 0.0109979 -0.0164053 -0.0237624 -0.0054302 -0.0077690 0.0051426 -0.0136328 -0.0007731 -0.0294080 -0.0028821 -0.0147849 -0.0050456 -0.0041163 -0.0011253 -0.0176139 -0.0079062 -0.0235808 -0.0630895 -0.0646488 -0.0642470 -0.0613596 -0.0617659 -0.0628097 -0.0606813 -0.0625023 -0.0641887 -0.0636581 -0.0633843 -0.0636621 -0.0627702 -0.0650670 -0.0632350 -0.0670249 -0.0666557 -0.0663708
0.0033428 0.0051602 0.0037721 0.0047165 0.0050494 0.0037967 0.0049152 0.0049150 0.0065025 0.0049957 0.0049722 0.0058359 0.0048388 0.0040443 0.0048629 0.0047453 0.0119607 0.0171154 0.0139145 0.0307476 0.0163555 0.0213478 0.9460899 0.0218846 -0.0041294 -0.0079367 -0.0070048 -0.0067849 -0.0067288 -0.0071643 -0.0029794 -0.0076716 -0.0063184 0.0014770 -0.0072914 -0.0073116 -0.0071620 -0.0054454 -0.0086391 -0.0060733 -0.0012788 -0.0070825 -0.0072509 -0.0049163 -0.0075525 -0.0036331 -0.0089297 -0.0063868 -0.0097174 -0.0040196 -0.0006760 -0.0041792 -0.0063861 -0.0056649 -0.0097681 -0.0098190 -0.0142190 0.0005691 -0.0052033 -0.0031206 -0.0109247 -0.0093986 -0.0077465 -0.0125570 -0.0105471 -0.0057212 -0.0113040 -0.0072008 -0.0129313 -0.0045674 -0.0161637 -0.0089752 -0.0114436 0.0021852 -0.0063309 -0.0124769 -0.0075790 -0.0116849 -0.0040738 -0.0049512 -0.0160191 -0.0060205 -0.0091766 -0.0004702 -0.0075434 -0.0063183 -0.0147099 0.0029531 -0.0044446 -0.0134570 -0.0127163 -0.0089808 -0.0100783 -0.0111514 -0.0069444 -0.0116963 -0.0121230 -0.0134919 -0.0081785 -0.0117777 -0.0088994 -0.0102699 -0.0104468 -0.0115415 -0.0110428 -0.0131760 -0.0140263 -0.0116435 -0.0125758 -0.0124396 -0.0139311 -0.0159779 -0.0110824
0.0147735 0.0099103 0.0101696 0.0130073 0.0112720 0.0105425 0.0072978 0.0074223 0.0108638 0.0123762 0.0094182 0.0091113 0.0095938 0.0117488 0.0106255 0.0115644 0.0277195 0.0192471 0.0213845 0.0187557 0.0242050 0.0275296 0.0218846 0.9425917 0.0038257 0.0077943 0.0004006 0.0052612 0.0007488 -0.0008523 -0.0001906 0.0015146 -0.0015667 0.0072245 -0.0047345 0.0035640 0.0029296 0.0058637 0.0035342 0.0002285 0.0048614 -0.0027381 -0.0025197 -0.0001219 0.0042646 0.0037008 0.0027051 -0.0056361 -0.0079002 -0.0017065 0.0027541 0.0003600 -0.0047165 -0.0018386 0.0025740 -0.0090471 -0.0053699 -0.0045381 -0.0028414 -0.0073573 0.0006472 -0.0024807 -0.0017829 -0.0064673 -0.0063563 -0.0071246 -0.0067510 -0.0054881 -0.0040155 0.0054659 -0.0050213 -0.0012785 -0.0019993 -0.0014389 -0.0013751 -0.0019226 0.0000999 -0.0016417 -0.0080535 -0.0131871 -0.0223077 -0.0074237 -0.0027021 -0.0025990 -0.0039530 -0.0078523 -0.0181213 -0.0084074 -0.0157007 -0.0042615 -0.0046387 -0.0069141 -0.0143535 -0.0070977 -0.0153201 -0.0396983 -0.0398714 -0.0411060 -0.0372604 -0.0367488 -0.0373384 -0.0366656 -0.0371622 -0.0380164 -0.0398711 -0.0398940 -0.0386807 -0.0427761 -0.0413997 -0.0404967 -0.0411046 -0.0429089 -0.0412749
0.0763271 0.0776770 0.0768303 0.0772820 0.0794751 0.0803372 0.0795782 0.0802654 0.0803636 0.0765174 0.0749827 0.0755871 0.0765166 0.0779393 0.0760671 0.0795038 -0.0108521 0.0078589 0.0065992 -0.0028773 -0.0111596 0.0047195 -0.0041294 0.0038257 0.8477594 0.0749539 0.0783413 0.0874632 0.0993738 0.1102071 0.1121023 0.0918672 0.0824325 0.0588397 0.0655136 0.0818341 0.0705754 0.0698868 0.0717717 0.0772812 0.0535418 0.0553741 0.0688086 0.0555102 0.0630788 0.0679407 0.0552459 0.0551894 -0.0041659 0.0401991 0.0264377 0.0175729 0.0280017 0.0379048 0.0345820 0.0222657 0.0204172 0.0227256 0.0612175 0.0339626 0.0603562 0.0504891 0.0506195 0.0545986 0.0438051 0.0533912 0.0367611 0.0566660 0.0427067 0.0652650 0.0388425 0.0137486 0.0140079 0.0377524 0.0359138 0.0397479 0.0234983 0.0070799 0.0206473 -0.0420528 -0.0560458 0.0293753 0.0308671 0.0394004 -0.0107083 0.0167550 -0.1115855 0.0232513 -0.0132977 0.0062295 0.0049547 0.0348577 -0.0658306 0.0223379 -0.0860536 -0.2617714 -0.2671973 -0.2624058 -0.2621288 -0.2611173 -0.2609307 -0.2602662 -0.2649390 -0.2646207 -0.2692528 -0.2682506 -0.2681500 -0.2707394 -0.2708574 -0.2711320 -0.2677851 -0.2716281 -0.2697333
0.0748612 0.0764662 0.0765040 0.0738531 0.0760911 0.0784349 0.0783827 0.0800473 0.0755415 0.0742749 0.0730998 0.0724954 0.0746417 0.0699871 0.0758984 0.0804320 -0.0109470 0.0006259 0.0064896 -0.0046180 -0.0083113 0.0104391 -0.0079367 0.0077943 0.0749539 0.8544973 0.1079496 0.0646313 0.0793918 0.0722806 0.0824925 0.0738418 0.0826066 0.0582152 0.0619772 0.0818735 0.0672378 0.0685461 0.0721616 0.0764078 0.0527289 0.0583957 0.0637069 0.0510302 0.0562722 0.0687395 0.0569066 0.0543636 -0.0001946 0.0476183 0.0310475 0.0163009 0.0381476 0.0436489 0.0467342 0.0165196 0.0214128 0.0260464 0.0620184 0.0367050 0.0722371 0.0573353 0.0568240 0.0528314 0.0436272 0.0504801 0.0321330 0.0547946 0.0358251 0.0631414 0.0352615 0.0131197 0.0203236 0.0413411 0.0413294 0.0332922 0.0263588 0.0037302 0.0269629 -0.0379173 -0.0504439 0.0344562 0.0264572 0.0409285 -0.0032501 0.0251349 -0.1178040 0.0225505 -0.0144971 0.0068451 0.0070815 0.0366147 -0.0594183 0.0191722 -0.0798230 -0.2546411 -0.2613618 -0.2588307 -0.2550766 -0.2569735 -0.2549066 -0.2586960 -0.2595932 -0.2596513 -0.2635645 -0.2626152 -0.2635895 -0.2635136 -0.2624041 -0.2668431 -0.2639360 -0.2643508 -0.2644037
0.0750636 0.0783813 0.0805220 0.0773007 0.0799705 0.0798828 0.0806996 0.0803106 0.0788792 0.0753456 0.0756424 0.0770855 0.0803038 0.0747810 0.0802426 0.0816406 -0.0118113 0.0043105 0.0090473 -0.0040523 -0.0043631 0.0092496 -0.0070048 0.0004006 0.0783413 0.1079496 0.8509198 0.0713119 0.0761135 0.0821700 0.0817663 0.0801381 0.0794460 0.0586771 0.0634589 0.0768007 0.0724565 0.0679234 0.0726430 0.0765260 0.0546082 0.0581203 0.0676640 0.0563503 0.0589484 0.0657887 0.0589090 0.0559456 -0.0030705 0.0447678 0.0248585 0.0197035 0.0324354 0.0362375 0.0400687 0.0153277 0.0200346 0.0291245 0.0614357 0.0418744 0.0681780 0.0567481 0.0561320 0.0592401 0.0494185 0.0478858 0.0362954 0.0558702 0.0387749 0.0669406 0.0432561 0.0137733 0.0131931 0.0409568 0.0417779 0.0380193 0.0232507 0.0037631 0.0255352 -0.0482683 -0.0543464 0.0350889 0.0286467 0.0372064 -0.0007691 0.0211780 -0.1109236 0.0203573 -0.0135144 0.0049219 0.0042810 0.0346005 -0.0606068 0.0250834 -0.0786496 -0.2610351 -0.2664963 -0.2629942 -0.2592110 -0.2616100 -0.2588128 -0.2615227 -0.2622505 -0.2642671 -0.2668911 -0.2663968 -0.2685876 -0.2680451 -0.2683328 -0.2696567 -0.2671069 -0.2697675 -0.2680909
0.0637753 0.0668904 0.0713430 0.0695150 0.0687284 0.0690731 0.0711945 0.0707058 0.0711372 0.0696799 0.0697466 0.0694001 0.0695100 0.0695836 0.0693934 0.0700565 -0.0052720 0.0035316 0.0037403 -0.0046000 -0.0103574 0.0116976 -0.0067849 0.0052612 0.0874632 0.0646313 0.0713119 0.8600090 0.0993187 0.0823211 0.0822111 0.0905656 0.0649497 0.0533464 0.0550331 0.0731679 0.0673748 0.0634431 0.0661034 0.0592663 0.0566304 0.0554801 0.0634735 0.0498655 0.0533540 0.0678163 0.0634395 0.0545843 -0.0060796 0.0373603 0.0318319 0.0180315 0.0342551 0.0433501 0.0367782 0.0113546 0.0207103 0.0208865 0.0575041 0.0289049 0.0612163 0.0523626 0.0529385 0.0501717 0.0399249 0.0452711 0.0260028 0.0550795 0.0363167 0.0614381 0.0317958 0.0157681 0.0230848 0.0321281 0.0336187 0.0317942 0.0202103 0.0015931 0.0180700 -0.0419054 -0.0490797 0.0276108 0.0257176 0.0332439 -0.0078006 0.0172963 -0.1029294 0.0188044 -0.0212927 0.0033963 0.0035272 0.0247707 -0.0639940 0.0174108 -0.0778214 -0.2385773 -0.2434153 -0.2423689 -0.2371189 -0.2370290 -0.2363134 -0.2388145 -0.2410258 -0.2431172 -0.2475469 -0.2443050 -0.2454937 -0.2464819 -0.2446430 -0.2479457 -0.2448733 -0.2482032 -0.2477736
0.0697112 0.0727758 0.0725506 0.0718354 0.0726684 0.0747475 0.0741532 0.0743183 0.0738964 0.0715371 0.0730985 0.0719578 0.0734422 0.0734565 0.0734972 0.0763688 -0.0125929 0.0082726 0.0049064 -0.0052273 -0.0111555 0.0047042 -0.0067288 0.0007488 0.0993738 0.0793918 0.0761135 0.0993187 0.8545843 0.0920885 0.0887963 0.0987231 0.0713603 0.0562099 0.0579262 0.0736771 0.0649306 0.0679476 0.0709580 0.0673491 0.0537673 0.0481944 0.0628197 0.0516821 0.0535173 0.0631158 0.0528648 0.0537894 0.0068442 0.0395646 0.0305770 0.0087677 0.0348317 0.0426003 0.0385163 0.0159252 0.0196997 0.0277445 0.0594903 0.0322775 0.0676378 0.0559319 0.0555697 0.0554352 0.0416194 0.0505106 0.0327065 0.0532240 0.0353787 0.0630765 0.0351942 0.0156176 0.0168232 0.0386289 0.0361914 0.0327556 0.0222708 0.0029912 0.0249456 -0.0403026 -0.0487661 0.0320315 0.0230495 0.0369513 -0.0082718 0.0133004 -0.1091333 0.0155171 -0.0155013 0.0075451 0.0077763 0.0293806 -0.0634348 0.0183030 -0.0793670 -0.2466908 -0.2537532 -0.2507967 -0.2484402 -0.2488324 -0.2474022 -0.2495259 -0.2525468 -0.2526461 -0.2553794 -0.2565933 -0.2551595 -0.2567960 -0.2565072 -0.2577588 -0.2565864 -0.2578902 -0.2574485
0.0718781 0.0750670 0.0777991 0.0740230 0.0760903 0.0783553 0.0797563 0.0772630 0.0778380 0.0734923 0.0737210 0.0730966 0.0754027 0.0724028 0.0757401 0.0777130 -0.0107899 0.0029005 0.0028072 -0.0067548 -0.0154768 0.0034391 -0.0071643 -0.0008523 0.1102071 0.0722806 0.0821700 0.0823211 0.0920885 0.8532414 0.1098859 0.0886741 0.0719029 0.0584228 0.0638807 0.0775049 0.0715674 0.0780998 0.0705506 0.0749507 0.0532071 0.0572198 0.0718985 0.0559962 0.0621668 0.0669808 0.0591650 0.0650471 -0.0004048 0.0398425 0.0264085 0.0183728 0.0340386 0.0401599 0.0466280 0.0168411 0.0174711 0.0251031 0.0597545 0.0324068 0.0700372 0.0589115 0.0597898 0.0591506 0.0425301 0.0524724 0.0353895 0.0657299 0.0431111 0.0699276 0.0398801 0.0133411 0.0208068 0.0352647 0.0328459 0.0449673 0.0206295 0.0056899 0.0246383 -0.0443831 -0.0513701 0.0358237 0.0296125 0.0369265 -0.0054265 0.0217362 -0.1143810 0.0215358 -0.0173217 0.0079259 0.0077294 0.0330571 -0.0629694 0.0213573 -0.0844669 -0.2590178 -0.2663111 -0.2621139 -0.2601162 -0.2604911 -0.2586366 -0.2603203 -0.2626903 -0.2629795 -0.2671875 -0.2669018 -0.2670261 -0.2664983 -0.2686931 -0.2678357 -0.2677066 -0.2697747 -0.2687032
0.0805314 0.0825377 0.0862640 0.0809865 0.0857534 0.0818847 0.0852403 0.0852490 0.0833872 0.0799110 0.0814584 0.0809051 0.0822865 0.0787148 0.0837986 0.0860350 -0.0141822 0.0036721 0.0044873 -0.0089923 -0.0090599 0.0067974 -0.0029794 -0.0001906 0.1121023 0.0824925 0.0817663 0.0822111 0.0887963 0.1098859 0.8521498 0.0910158 0.0831842 0.0631054 0.0675014 0.0870661 0.0776054 0.0802583 0.0810421 0.0814660 0.0616345 0.0600259 0.0754182 0.0587200 0.0651798 0.0783144 0.0617014 0.0659929 -0.0075015 0.0507813 0.0319687 0.0260677 0.0389818 0.0435517 0.0488976 0.0218368 0.0176700 0.0257120 0.0735782 0.0362461 0.0694696 0.0584265 0.0586522 0.0548699 0.0477080 0.0545651 0.0386783 0.0667804 0.0432671 0.0775011 0.0404445 0.0121040 0.0201070 0.0442896 0.0424773 0.0391716 0.0248614 0.0044113 0.0254759 -0.0454170 -0.0574517 0.0343265 0.0300699 0.0424693 -0.0089895 0.0209858 -0.1180469 0.0244596 -0.0159046 0.0106216 0.0104095 0.0371283 -0.0713480 0.0322079 -0.0908293 -0.2784911 -0.2845657 -0.2791314 -0.2784290 -0.2783534 -0.2762059 -0.2794070 -0.2809682 -0.2828057 -0.2851150 -0.2854581 -0.2852265 -0.2855028 -0.2866344 -0.2861168 -0.2868197 -0.2875054 -0.2859701
0.0691007 0.0740078 0.0731163 0.0715314 0.0735208 0.0721843 0.0753228 0.0753475 0.0756666 0.0716249 0.0701958 0.0717898 0.0733503 0.0713427 0.0711228 0.0778049 -0.0168995 0.0013103 0.0009693 -0.0082139 -0.0160927 0.0042654 -0.0076716 0.0015146 0.0918672 0.0738418 0.0801381 0.0905656 0.0987231 0.0886741 0.0910158 0.8518621 0.0769440 0.0557120 0.0561089 0.0795019 0.0685947 0.0668324 0.0724934 0.0662635 0.0503822 0.0540121 0.0631071 0.0510882 0.0555627 0.0670800 0.0571468 0.0544009 -0.0042129 0.0429214 0.0255010 0.0208779 0.0289798 0.0443034 0.0421968 0.0203691 0.0188052 0.0281107 0.0560745 0.0371617 0.0646469 0.0591510 0.0593357 0.0508030 0.0403698 0.0479225 0.0382265 0.0547739 0.0386600 0.0656424 0.0440876 0.0154434 0.0190765 0.0331043 0.0325564 0.0407597 0.0249608 0.0047986 0.0206303 -0.0397125 -0.0493157 0.0313013 0.0233908 0.0351707 -0.0058228 0.0175459 -0.1055787 0.0159052 -0.0124737 -0.0017879 -0.0012349 0.0291209 -0.0577578 0.0288674 -0.0787775 -0.2491801 -0.2538905 -0.2499638 -0.2485505 -0.2476147 -0.2474447 -0.2493061 -0.2513592 -0.2520362 -0.2545875 -0.2548742 -0.2564885 -0.2569408 -0.2576673 -0.2579002 -0.2569785 -0.2582548 -0.2563406
0.0805928 0.0801337 0.0840632 0.0814427 0.0834910 0.0852547 0.0858305 0.0871555 0.0844998 0.0826823 0.0811102 0.0819853 0.0849344 0.0788129 0.0832572 0.0906299 -0.0153667 0.0045548 0.0034645 -0.0057356 -0.0157799 0.0059974 -0.0063184 -0.0015667 0.0824325 0.0826066 0.0794460 0.0649497 0.0713603 0.0719029 0.0831842 0.0769440 0.8511250 0.0635062 0.0746380 0.0944754 0.0752919 0.0848842 0.0894456 0.0878778 0.0599609 0.0660282 0.0775148 0.0619247 0.0666801 0.0695200 0.0598921 0.0700180 0.0001235 0.0572742 0.0355440 0.0200323 0.0404017 0.0454017 0.0473979 0.0225338 0.0236374 0.0291716 0.0742893 0.0381726 0.0735305 0.0634500 0.0623665 0.0624042 0.0520803 0.0585854 0.0435260 0.0687133 0.0442600 0.0722999 0.0437801 0.0177727 0.0185889 0.0494409 0.0433450 0.0413539 0.0300594 0.0086339 0.0276924 -0.0421746 -0.0523099 0.0357467 0.0306009 0.0423130 -0.0038789 0.0293725 -0.1218523 0.0296966 -0.0112958 0.0096373 0.0092090 0.0376746 -0.0690880 0.0211979 -0.0789117 -0.2825060 -0.2848571 -0.2835401 -0.2821163 -0.2815441 -0.2795950 -0.2815349 -0.2848584 -0.2854721 -0.2898724 -0.2888990 -0.2897137 -0.2896233 -0.2905636 -0.2908037 -0.2885613 -0.2897974 -0.2901355
0.0625262 0.0648096 0.0658115 0.0630004 0.0653296 0.0649997 0.0673482 0.0669777 0.0656470 0.0636182 0.0628040 0.0642190 0.0651978 0.0637238 0.0641928 0.0646786 -0.0027018 0.0099488 0.0096692 0.0028827 -0.0027241 0.0125626 0.0014770 0.0072245 0.0588397 0.0582152 0.0586771 0.0533464 0.0562099 0.0584228 0.0631054 0.0557120 0.0635062 0.9223505 0.0515609 0.0630613 0.0559264 0.0563133 0.0594773 0.0584944 0.0457571 0.0463491 0.0543557 0.0438981 0.0485125 0.0535599 0.0470083 0.0495789 0.0022588 0.0389793 0.0278257 0.0158705 0.0301704 0.0327035 0.0357235 0.0163909 0.0181942 0.0219677 0.0518441 0.0303996 0.0548269 0.0475412 0.0474601 0.0437029 0.0374052 0.0424746 0.0310379 0.0503211 0.0324530 0.0522289 0.0326658 0.0137656 0.0166658 0.0355498 0.0336696 0.0308647 0.0229089 0.0078730 0.0233141 -0.0315500 -0.0370619 0.0273145 0.0239602 0.0327627 -0.0006572 0.0190427 -0.0836222 0.0206388 -0.0082570 0.0120315 0.0116304 0.0294547 -0.0459927 0.0201528 -0.0598619 -0.2003850 -0.2042455 -0.2018940 -0.2005044 -0.2002530 -0.1981786 -0.2003379 -0.2022776 -0.2035695 -0.2068234 -0.2058508 -0.2071941 -0.2066906 -0.2077692 -0.2084242 -0.2072397 -0.2090951 -0.2076451
