0.8832234 0.1467323 0.1048766 0.1328150 0.1108022 0.1037101 0.1061805 0.1146065 0.1073781 0.1047024 0.1074250 0.1149961 0.1023987 0.1016186 0.0934564 0.0950100 -0.0207217 0.0061856 0.0080567 0.0022895 -0.0030547 0.0251260 0.0007764 0.0041956 0.0175527 0.0105882 0.0158238 -0.0000355 0.0045173 0.0005141 0.0148561 -0.0011591 0.0133528 0.0170400 0.0011803 0.0169121 0.0088990 0.0104397 0.0172581 0.0112574 -0.0019666 -0.0092783 -0.0012837 0.0004938 0.0153615 0.0041368 -0.0043818 -0.0115949 -0.0616043 -0.0151451 -0.0333705 -0.0405909 -0.0336928 -0.0191768 -0.0340825 -0.0337316 -0.0536652 -0.0424956 -0.0191553 -0.0337733 -0.0231602 -0.0398283 -0.0413095 -0.0103000 -0.0322654 -0.0106376 -0.0403435 -0.0118627 -0.0435114 0.0014801 -0.0396352 -0.0621712 -0.0539196 -0.0193664 -0.0384317 -0.0349320 -0.0407013 -0.0592410 -0.0405851 -0.1180019 -0.1256630 -0.0581556 -0.0471530 -0.0368532 -0.0815651 -0.0630857 -0.1544055 -0.0542345 -0.0816909 -0.0588483 -0.0594220 -0.0370083 -0.1081935 -0.0527800 -0.1422011
0.1467323 0.8835918 0.1062798 0.1425167 0.1121332 0.1106808 0.1120008 0.1163211 0.1099642 0.1081269 0.1130306 0.1156513 0.1099114 0.1056511 0.0951089 0.1001580 -0.0271417 0.0077027 0.0109727 0.0041773 -0.0105384 0.0211104 0.0016092 -0.0040818 0.0185794 0.0118027 0.0185029 0.0030890 0.0070650 0.0037942 0.0159782 0.0036858 0.0125817 0.0181866 0.0011627 0.0183500 0.0084984 0.0140550 0.0203854 0.0156919 0.0015299 -0.0077213 -0.0016023 0.0032473 0.0134062 0.0066146 -0.0097799 -0.0171655 -0.0659023 -0.0116280 -0.0353738 -0.0425428 -0.0360297 -0.0209450 -0.0338694 -0.0362271 -0.0577295 -0.0424170 -0.0180668 -0.0332403 -0.0244603 -0.0362882 -0.0375213 -0.0118109 -0.0293929 -0.0118702 -0.0381179 -0.0161637 -0.0470627 0.0021085 -0.0420085 -0.0645709 -0.0554203 -0.0225225 -0.0389219 -0.0293602 -0.0444899 -0.0640943 -0.0397938 -0.1263815 -0.1315880 -0.0588154 -0.0499781 -0.0410429 -0.0888698 -0.0628801 -0.1604535 -0.0523605 -0.0882030 -0.0670245 -0.0681468 -0.0380919 -0.1150967 -0.0521733 -0.1462451
0.1048766 0.1062798 0.8825440 0.1038379 0.1597513 0.1503012 0.1708108 0.1607919 0.1136853 0.1131431 0.1171444 0.1182258 0.1139568 0.1105118 0.1014881 0.1033641 -0.0215310 0.0026482 0.0126739 -0.0013644 -0.0074714 0.0221710 0.0000426 -0.0036062 0.0163472 0.0103121 0.0207460 0.0068793 0.0062909 0.0062720 0.0190570 0.0009607 0.0167300 0.0196415 0.0040800 0.0230667 0.0139128 0.0104119 0.0195411 0.0179844 0.0049791 -0.0047863 -0.0024374 0.0001292 0.0181165 0.0110994 -0.0068363 -0.0158294 -0.0720880 -0.0179497 -0.0323182 -0.0459875 -0.0353510 -0.0228566 -0.0367066 -0.0374085 -0.0564487 -0.0460492 -0.0233695 -0.0367403 -0.0254763 -0.0416406 -0.0419274 -0.0182178 -0.0363869 -0.0184796 -0.0425219 -0.0155500 -0.0490073 -0.0019543 -0.0444308 -0.0654813 -0.0583122 -0.0212709 -0.0371102 -0.0357222 -0.0467634 -0.0677766 -0.0423666 -0.1339949 -0.1443461 -0.0612913 -0.0495430 -0.0426200 -0.0922418 -0.0640173 -0.1661463 -0.0649300 -0.0923003 -0.0657978 -0.0667148 -0.0418786 -0.1233814 -0.0566020 -0.1562051
0.1328150 0.1425167 0.1038379 0.8938204 0.1057479 0.1046116 0.1030802 0.1119468 0.1059605 0.0997785 0.1077548 0.1084145 0.0997763 0.1008962 0.0913532 0.0949476 -0.0257569 0.0009859 0.0079047 -0.0029490 -0.0132184 0.0174004 -0.0018512 -0.0020136 0.0202051 0.0104673 0.0198064 0.0076685 0.0088058 0.0054064 0.0173484 0.0028345 0.0167899 0.0187997 0.0037811 0.0184108 0.0109006 0.0167815 0.0202880 0.0155978 0.0016832 -0.0050996 0.0062483 0.0044738 0.0185219 0.0078330 -0.0065495 -0.0097854 -0.0624342 -0.0112685 -0.0290724 -0.0424698 -0.0323045 -0.0199547 -0.0294362 -0.0352723 -0.0522403 -0.0384023 -0.0163022 -0.0296613 -0.0243929 -0.0384425 -0.0381329 -0.0087925 -0.0255114 -0.0119082 -0.0404729 -0.0082024 -0.0430135 0.0057140 -0.0394891 -0.0601631 -0.0553197 -0.0189740 -0.0358751 -0.0322945 -0.0427076 -0.0592908 -0.0384177 -0.1245527 -0.1304162 -0.0578523 -0.0427408 -0.0353828 -0.0858015 -0.0635742 -0.1608233 -0.0536756 -0.0854797 -0.0572086 -0.0565834 -0.0346439 -0.1149353 -0.0509584 -0.1440938
0.1108022 0.1121332 0.1597513 0.1057479 0.8996493 0.1704679 0.1745690 0.1722059 0.1188236 0.1160217 0.1208533 0.1239538 0.1165609 0.1151548 0.1011740 0.1073156 -0.0250705 0.0102577 0.0128685 0.0050680 -0.0045454 0.0276664 0.0053265 0.0011713 0.0203819 0.0093210 0.0206102 0.0020491 0.0049275 0.0027681 0.0180720 -0.0002233 0.0144108 0.0197189 -0.0016388 0.0213194 0.0086638 0.0119179 0.0223187 0.0139363 0.0067531 -0.0078381 -0.0039647 0.0025440 0.0181431 0.0054394 -0.0075794 -0.0184789 -0.0683282 -0.0157175 -0.0371423 -0.0434757 -0.0387410 -0.0225251 -0.0382701 -0.0389264 -0.0596141 -0.0475229 -0.0249701 -0.0440837 -0.0291822 -0.0425530 -0.0458780 -0.0166552 -0.0302548 -0.0136361 -0.0433899 -0.0187183 -0.0489804 0.0032196 -0.0458292 -0.0707514 -0.0628098 -0.0211780 -0.0388164 -0.0373161 -0.0500863 -0.0691014 -0.0439078 -0.1359502 -0.1474545 -0.0645089 -0.0537426 -0.0449606 -0.0918970 -0.0662737 -0.1674110 -0.0628544 -0.0912388 -0.0620392 -0.0629876 -0.0400969 -0.1230168 -0.0622351 -0.1542758
0.1037101 0.1106808 0.1503012 0.1046116 0.1704679 0.8879970 0.1654093 0.1633326 0.1154775 0.1128098 0.1173062 0.1224098 0.1116961 0.1117506 0.0999651 0.1061371 -0.0213736 0.0052377 0.0125651 0.0024363 -0.0065175 0.0235295 0.0031795 0.0000459 0.0220603 0.0142582 0.0209832 0.0046236 0.0088971 0.0065047 0.0142422 0.0011779 0.0181283 0.0184055 -0.0025742 0.0189867 0.0051478 0.0075291 0.0143139 0.0143759 0.0067135 -0.0055698 -0.0010568 -0.0000447 0.0174792 0.0073769 -0.0055062 -0.0227180 -0.0697659 -0.0193325 -0.0402102 -0.0419411 -0.0390962 -0.0208008 -0.0392090 -0.0365695 -0.0635615 -0.0469450 -0.0241417 -0.0398557 -0.0239682 -0.0399014 -0.0413706 -0.0146538 -0.0340488 -0.0139313 -0.0450661 -0.0216953 -0.0471157 0.0020906 -0.0482368 -0.0685105 -0.0607054 -0.0209920 -0.0378437 -0.0341856 -0.0449274 -0.0715432 -0.0411663 -0.1315740 -0.1441116 -0.0599607 -0.0493184 -0.0408260 -0.0923821 -0.0604966 -0.1639015 -0.0633331 -0.0901581 -0.0739859 -0.0745871 -0.0410867 -0.1188658 -0.0623512 -0.1510639
0.1061805 0.1120008 0.1708108 0.1030802 0.1745690 0.1654093 0.8809001 0.1791385 0.1172299 0.1161728 0.1204737 0.1249564 0.1142005 0.1168086 0.0984932 0.1076484 -0.0312989 0.0031024 0.0115750 0.0034755 -0.0110769 0.0209184 -0.0003097 -0.0084833 0.0189117 0.0110111 0.0193585 0.0042115 0.0055385 0.0067364 0.0173475 0.0003958 0.0173183 0.0212046 0.0017433 0.0210695 0.0062559 0.0125519 0.0205279 0.0196484 0.0045473 -0.0100826 -0.0013535 0.0007802 0.0149586 0.0037677 -0.0090418 -0.0169808 -0.0698965 -0.0162520 -0.0372264 -0.0469917 -0.0386866 -0.0232372 -0.0408615 -0.0375488 -0.0584719 -0.0489203 -0.0271188 -0.0474971 -0.0315487 -0.0445557 -0.0465833 -0.0136179 -0.0289790 -0.0112903 -0.0410023 -0.0166891 -0.0484500 0.0041262 -0.0463957 -0.0715564 -0.0626104 -0.0226706 -0.0390779 -0.0357766 -0.0509831 -0.0675459 -0.0446620 -0.1368077 -0.1474222 -0.0642952 -0.0499323 -0.0464393 -0.0936135 -0.0660921 -0.1746612 -0.0658035 -0.0931635 -0.0604448 -0.0610929 -0.0415540 -0.1271239 -0.0644437 -0.1609724
0.1146065 0.1163211 0.1607919 0.1119468 0.1722059 0.1633326 0.1791385 0.8987931 0.1235249 0.1184873 0.1253888 0.1323171 0.1175782 0.1209767 0.1058879 0.1088287 -0.0242776 0.0055039 0.0177482 0.0050082 -0.0055977 0.0286696 0.0055204 -0.0044019 0.0184123 0.0125871 0.0177857 0.0021783 0.0037273 0.0015625 0.0151608 -0.0005310 0.0170749 0.0200726 -0.0005713 0.0211709 0.0075621 0.0123780 0.0202491 0.0164324 0.0053150 -0.0108823 -0.0017893 0.0024882 0.0141018 0.0069175 -0.0104929 -0.0172855 -0.0708684 -0.0162160 -0.0404798 -0.0416941 -0.0403313 -0.0225935 -0.0385975 -0.0389287 -0.0622429 -0.0523351 -0.0308044 -0.0434792 -0.0312180 -0.0476877 -0.0498362 -0.0186179 -0.0337607 -0.0135196 -0.0459716 -0.0178892 -0.0484869 0.0013926 -0.0473195 -0.0703979 -0.0632497 -0.0197805 -0.0420716 -0.0369828 -0.0498173 -0.0706280 -0.0444431 -0.1366408 -0.1470258 -0.0677034 -0.0508864 -0.0454023 -0.0913115 -0.0675571 -0.1709992 -0.0610846 -0.0940738 -0.0628032 -0.0643665 -0.0412511 -0.1257388 -0.0611590 -0.1553252
0.1073781 0.1099642 0.1136853 0.1059605 0.1188236 0.1154775 0.1172299 0.1235249 0.9038340 0.1588485 0.1717189 0.1660956 0.1610151 0.1557007 0.1083725 0.1151060 -0.0210621 0.0110583 0.0168740 0.0136172 -0.0027224 0.0281048 0.0106829 0.0040216 0.0190748 0.0060643 0.0179213 0.0043159 0.0052462 0.0021738 0.0129121 0.0001208 0.0143680 0.0176805 -0.0037382 0.0178100 0.0068908 0.0089751 0.0149138 0.0122977 0.0037140 -0.0156200 -0.0069703 0.0067961 0.0198136 0.0059622 -0.0046074 -0.0203185 -0.0690482 -0.0182306 -0.0346991 -0.0505738 -0.0409795 -0.0229774 -0.0337687 -0.0372218 -0.0623633 -0.0444457 -0.0293113 -0.0397893 -0.0327660 -0.0456203 -0.0457925 -0.0180085 -0.0354222 -0.0135368 -0.0448863 -0.0196277 -0.0505192 0.0020608 -0.0466621 -0.0690754 -0.0553769 -0.0242470 -0.0420353 -0.0382803 -0.0547888 -0.0688978 -0.0427844 -0.1322988 -0.1374337 -0.0630328 -0.0573608 -0.0421410 -0.0954546 -0.0678421 -0.1599026 -0.0595041 -0.0930399 -0.0748265 -0.0745020 -0.0399211 -0.1232772 -0.0600557 -0.1529086
0.1047024 0.1081269 0.1131431 0.0997785 0.1160217 0.1128098 0.1161728 0.1184873 0.1588485 0.8975580 0.1570301 0.1615748 0.1725009 0.1553453 0.1012475 0.1088410 -0.0210536 0.0113370 0.0147641 0.0145998 -0.0012103 0.0280941 0.0102860 0.0065567 0.0151932 0.0069521 0.0143939 0.0040286 0.0035083 -0.0012016 0.0094044 -0.0030081 0.0130621 0.0169027 -0.0013930 0.0179992 0.0026477 0.0077090 0.0173993 0.0138775 -0.0000104 -0.0138097 -0.0052830 0.0066363 0.0168872 0.0017220 -0.0085552 -0.0180258 -0.0696697 -0.0157026 -0.0355084 -0.0423920 -0.0387460 -0.0193020 -0.0392721 -0.0347609 -0.0603350 -0.0469470 -0.0299498 -0.0411754 -0.0335288 -0.0483707 -0.0503739 -0.0191759 -0.0312972 -0.0141771 -0.0447068 -0.0176949 -0.0498565 -0.0030720 -0.0491745 -0.0671466 -0.0555109 -0.0243571 -0.0429161 -0.0379954 -0.0511252 -0.0665911 -0.0422887 -0.1266457 -0.1377891 -0.0639582 -0.0521766 -0.0420009 -0.0940901 -0.0641800 -0.1557842 -0.0621647 -0.0895383 -0.0670911 -0.0663558 -0.0401445 -0.1166453 -0.0612990 -0.1454369
0.1074250 0.1130306 0.1171444 0.1077548 0.1208533 0.1173062 0.1204737 0.1253888 0.1717189 0.1570301 0.9290295 0.1787270 0.1626267 0.1605299 0.1103063 0.1124607 -0.0146923 0.0180016 0.0275207 0.0186393 0.0061378 0.0363437 0.0166374 0.0091177 0.0134714 0.0029071 0.0125551 0.0010122 0.0035519 -0.0034245 0.0097292 -0.0087438 0.0101275 0.0164223 -0.0042378 0.0165477 0.0059105 0.0076595 0.0157132 0.0101070 0.0016739 -0.0152027 -0.0048285 0.0056212 0.0184653 0.0018408 -0.0114078 -0.0196272 -0.0660526 -0.0186467 -0.0331020 -0.0481037 -0.0384548 -0.0250695 -0.0385966 -0.0365737 -0.0632214 -0.0447022 -0.0304684 -0.0388784 -0.0405363 -0.0562000 -0.0569746 -0.0179055 -0.0353523 -0.0157029 -0.0450336 -0.0188229 -0.0527689 -0.0056670 -0.0497628 -0.0714020 -0.0573968 -0.0241995 -0.0410465 -0.0415099 -0.0540061 -0.0650867 -0.0458917 -0.1269752 -0.1369379 -0.0696484 -0.0514439 -0.0459055 -0.0963073 -0.0709497 -0.1537585 -0.0612044 -0.0919589 -0.0595871 -0.0589633 -0.0367613 -0.1188525 -0.0586506 -0.1469093
0.1149961 0.1156513 0.1182258 0.1084145 0.1239538 0.1224098 0.1249564 0.1323171 0.1660956 0.1615748 0.1787270 0.9177296 0.1682235 0.1635590 0.1061718 0.1181296 -0.0185697 0.0176888 0.0224516 0.0165102 0.0007538 0.0365258 0.0152771 0.0065958 0.0132787 0.0023513 0.0145018 0.0002024 0.0009199 -0.0042099 0.0084955 -0.0063533 0.0111067 0.0167350 -0.0001027 0.0188773 0.0060847 0.0052213 0.0154302 0.0092173 0.0028176 -0.0157411 -0.0026403 0.0034854 0.0194535 -0.0002136 -0.0085373 -0.0225667 -0.0728285 -0.0204340 -0.0368282 -0.0473931 -0.0382855 -0.0215467 -0.0394637 -0.0396833 -0.0636859 -0.0422360 -0.0323206 -0.0440808 -0.0406737 -0.0547777 -0.0554133 -0.0206539 -0.0351267 -0.0169390 -0.0440496 -0.0214741 -0.0528804 -0.0013715 -0.0475295 -0.0726642 -0.0588808 -0.0295043 -0.0468007 -0.0389898 -0.0546133 -0.0707777 -0.0438745 -0.1282306 -0.1390245 -0.0693710 -0.0544194 -0.0488518 -0.1000436 -0.0699973 -0.1543552 -0.0644652 -0.0923754 -0.0672192 -0.0671048 -0.0434580 -0.1173482 -0.0652139 -0.1508429
0.1023987 0.1099114 0.1139568 0.0997763 0.1165609 0.1116961 0.1142005 0.1175782 0.1610151 0.1725009 0.1626267 0.1682235 0.8991465 0.1627624 0.1047454 0.1096371 -0.0275122 0.0098924 0.0145246 0.0087575 -0.0060747 0.0272195 0.0074839 0.0007602 0.0156500 0.0070758 0.0206742 0.0037727 0.0062095 0.0014701 0.0130786 -0.0008485 0.0170114 0.0184522 -0.0035932 0.0190462 0.0084617 0.0127170 0.0212510 0.0122897 0.0010280 -0.0132755 -0.0020621 0.0091679 0.0168280 0.0043937 -0.0047014 -0.0217426 -0.0707766 -0.0158743 -0.0388232 -0.0418944 -0.0354147 -0.0256166 -0.0353461 -0.0386585 -0.0619647 -0.0448216 -0.0249147 -0.0414379 -0.0288936 -0.0462882 -0.0470460 -0.0207547 -0.0309502 -0.0130172 -0.0462371 -0.0195450 -0.0504596 0.0002814 -0.0478095 -0.0680051 -0.0608297 -0.0226469 -0.0417288 -0.0351416 -0.0510477 -0.0671127 -0.0422351 -0.1346728 -0.1414335 -0.0665585 -0.0566648 -0.0414801 -0.0971888 -0.0682783 -0.1636952 -0.0628481 -0.0925217 -0.0710580 -0.0705450 -0.0406767 -0.1243526 -0.0596272 -0.1547008
0.1016186 0.1056511 0.1105118 0.1008962 0.1151548 0.1117506 0.1168086 0.1209767 0.1557007 0.1553453 0.1605299 0.1635590 0.1627624 0.9081970 0.1052562 0.1033073 -0.0180391 0.0134110 0.0206220 0.0099327 -0.0019223 0.0318274 0.0097680 0.0064346 0.0175277 0.0007476 0.0129127 0.0023851 0.0047545 -0.0029693 0.0076422 -0.0058246 0.0087935 0.0173423 -0.0021674 0.0171118 0.0077304 0.0079345 0.0155584 0.0145660 0.0003625 -0.0130478 -0.0013263 0.0054759 0.0155944 0.0031233 -0.0074250 -0.0155134 -0.0675693 -0.0176964 -0.0361157 -0.0447399 -0.0386005 -0.0254091 -0.0366420 -0.0343945 -0.0630685 -0.0451120 -0.0279864 -0.0410139 -0.0349990 -0.0519191 -0.0520325 -0.0160593 -0.0315624 -0.0158819 -0.0446811 -0.0147560 -0.0480112 -0.0033235 -0.0485025 -0.0712217 -0.0575990 -0.0228474 -0.0402953 -0.0353128 -0.0489876 -0.0648948 -0.0434994 -0.1294060 -0.1365499 -0.0693514 -0.0530780 -0.0444056 -0.0959576 -0.0674881 -0.1570603 -0.0624990 -0.0911618 -0.0605212 -0.0600990 -0.0368382 -0.1195911 -0.0527311 -0.1491387
0.0934564 0.0951089 0.1014881 0.0913532 0.1011740 0.0999651 0.0984932 0.1058879 0.1083725 0.1012475 0.1103063 0.1061718 0.1047454 0.1052562 0.8806727 0.0964795 -0.0216889 0.0021183 0.0078130 -0.0038835 -0.0099348 0.0223114 -0.0009222 -0.0040116 0.0180174 0.0126882 0.0226031 0.0074831 0.0104110 0.0079576 0.0190612 0.0029555 0.0171733 0.0172916 0.0068828 0.0182314 0.0095032 0.0159120 0.0184604 0.0171195 0.0050078 -0.0035085 0.0008453 0.0053105 0.0153763 0.0133447 -0.0068995 -0.0132259 -0.0636443 -0.0143660 -0.0281611 -0.0386553 -0.0331136 -0.0140507 -0.0260362 -0.0363001 -0.0494549 -0.0322720 -0.0131915 -0.0297982 -0.0172018 -0.0300047 -0.0324834 -0.0175187 -0.0284868 -0.0136624 -0.0375688 -0.0125767 -0.0441529 0.0024051 -0.0388128 -0.0554917 -0.0494319 -0.0212116 -0.0346664 -0.0306036 -0.0427319 -0.0618465 -0.0361104 -0.1169096 -0.1255056 -0.0487682 -0.0387904 -0.0329070 -0.0808582 -0.0566720 -0.1514815 -0.0516159 -0.0822560 -0.0692851 -0.0697259 -0.0385426 -0.1078238 -0.0531658 -0.1392689
0.0950100 0.1001580 0.1033641 0.0949476 0.1073156 0.1061371 0.1076484 0.1088287 0.1151060 0.1088410 0.1124607 0.1181296 0.1096371 0.1033073 0.0964795 0.8864434 -0.0267573 0.0025942 0.0071422 0.0021503 -0.0094698 0.0192025 -0.0000814 -0.0017927 0.0221681 0.0180453 0.0239702 0.0091813 0.0134889 0.0088835 0.0204462 0.0113329 0.0248132 0.0163762 0.0065605 0.0241049 0.0095049 0.0149785 0.0197010 0.0150647 0.0100962 -0.0001569 0.0041307 0.0013963 0.0147231 0.0157256 -0.0001502 -0.0204305 -0.0651890 -0.0169399 -0.0301284 -0.0392764 -0.0352592 -0.0141877 -0.0299783 -0.0401224 -0.0534130 -0.0346073 -0.0153313 -0.0286921 -0.0128547 -0.0274338 -0.0287427 -0.0173332 -0.0292688 -0.0110381 -0.0399855 -0.0188729 -0.0483846 0.0027893 -0.0380626 -0.0587020 -0.0502178 -0.0167787 -0.0361253 -0.0226674 -0.0400451 -0.0662964 -0.0358049 -0.1199354 -0.1293862 -0.0488436 -0.0467901 -0.0364402 -0.0824098 -0.0577277 -0.1567108 -0.0541650 -0.0861754 -0.0823416 -0.0827722 -0.0382033 -0.0923462 -0.0582664 -0.1456791
-0.0207217 -0.0271417 -0.0215310 -0.0257569 -0.0250705 -0.0213736 -0.0312989 -0.0242776 -0.0210621 -0.0210536 -0.0146923 -0.0185697 -0.0275122 -0.0180391 -0.0216889 -0.0267573 1.1902397 0.1316471 0.1357147 0.1686708 0.1864004 0.1228519 0.1597254 0.1656117 -0.0724257 -0.0644825 -0.0668358 -0.0493945 -0.0735689 -0.0848845 -0.0961906 -0.0757645 -0.0909834 -0.0610983 -0.0490150 -0.0813362 -0.0628516 -0.0763682 -0.0743636 -0.0757423 -0.0037298 -0.0210486 -0.0911884 -0.0451883 -0.0423695 -0.0404638 -0.0277857 -0.1153868 0.0557470 -0.0403441 -0.0043128 0.0323841 -0.0402236 -0.0010085 -0.0165808 -0.0040877 0.0171115 -0.0022213 -0.0728089 -0.0011336 -0.0521508 -0.0506956 -0.0472110 -0.0642244 -0.0683426 -0.0615475 -0.0559450 -0.1126400 -0.0627578 -0.0699791 -0.0333617 0.0406296 0.0234095 -0.0026283 -0.0055415 -0.0027771 0.0252034 0.0107259 0.0166846 0.1358900 0.1430100 0.0126944 0.0095891 -0.0109532 0.0539501 0.0173955 0.2345203 0.0082982 0.0581713 -0.0900873 -0.0899599 -0.0441004 0.1617845 0.0077746 0.1816085
0.0061856 0.0077027 0.0026482 0.0009859 0.0102577 0.0052377 0.0031024 0.0055039 0.0110583 0.0113370 0.0180016 0.0176888 0.0098924 0.0134110 0.0021183 0.0025942 0.1316471 1.1044356 0.1306965 0.1447252 0.1455324 0.1220326 0.1414467 0.1276590 -0.0564023 -0.0640594 -0.0560333 -0.0550872 -0.0594381 -0.0778673 -0.0795552 -0.0697880 -0.0715114 -0.0451111 -0.0547509 -0.0714004 -0.0551056 -0.0648221 -0.0605883 -0.0660385 -0.0152029 -0.0468474 -0.0652929 -0.0308375 -0.0263112 -0.0510563 -0.0415672 -0.0841596 0.0247648 -0.0342889 -0.0071976 -0.0078737 -0.0335508 -0.0098280 -0.0443805 -0.0091690 -0.0093409 -0.0069232 -0.0716589 -0.0165174 -0.0719126 -0.0741126 -0.0725894 -0.0499296 -0.0533377 -0.0554490 -0.0466161 -0.0829987 -0.0628334 -0.0594294 -0.0393202 0.0154362 0.0014827 -0.0109866 -0.0162364 -0.0012806 -0.0021831 0.0141420 0.0067366 0.0845418 0.0844006 -0.0120346 -0.0011012 -0.0222374 0.0284842 0.0103814 0.1627472 -0.0116337 0.0317709 -0.0380180 -0.0378965 -0.0213637 0.1168082 -0.0189143 0.1303256
0.0080567 0.0109727 0.0126739 0.0079047 0.0128685 0.0125651 0.0115750 0.0177482 0.0168740 0.0147641 0.0275207 0.0224516 0.0145246 0.0206220 0.0078130 0.0071422 0.1357147 0.1306965 1.1125122 0.1412104 0.1584353 0.1254484 0.1370764 0.1306382 -0.0564323 -0.0554520 -0.0490871 -0.0546374 -0.0630275 -0.0788898 -0.0763896 -0.0706082 -0.0710982 -0.0435982 -0.0578332 -0.0620861 -0.0587620 -0.0654069 -0.0610982 -0.0562486 -0.0200229 -0.0455594 -0.0712957 -0.0337705 -0.0141431 -0.0482181 -0.0462101 -0.0798876 0.0329150 -0.0276411 -0.0090247 -0.0070343 -0.0246794 -0.0124533 -0.0361159 0.0032042 -0.0192866 -0.0157402 -0.0759704 -0.0134008 -0.0759944 -0.0755464 -0.0736973 -0.0428874 -0.0563636 -0.0528290 -0.0455680 -0.0783781 -0.0672759 -0.0574275 -0.0471640 -0.0030999 -0.0031214 -0.0092214 -0.0215696 -0.0135155 -0.0016243 0.0022611 -0.0047031 0.0848137 0.0897853 -0.0268393 -0.0002850 -0.0364161 0.0188325 0.0003776 0.1543812 -0.0117613 0.0083268 -0.0354728 -0.0368203 -0.0252986 0.1082582 -0.0176968 0.1130963
0.0022895 0.0041773 -0.0013644 -0.0029490 0.0050680 0.0024363 0.0034755 0.0050082 0.0136172 0.0145998 0.0186393 0.0165102 0.0087575 0.0099327 -0.0038835 0.0021503 0.1686708 0.1447252 0.1412104 1.1788558 0.1640082 0.1512721 0.1838483 0.1434599 -0.0682120 -0.0684198 -0.0659635 -0.0659966 -0.0783933 -0.0910623 -0.0965754 -0.0850091 -0.0832585 -0.0502770 -0.0616795 -0.0767183 -0.0562143 -0.0750576 -0.0688358 -0.0737456 -0.0340224 -0.0575621 -0.0838137 -0.0379324 -0.0308556 -0.0666789 -0.0589699 -0.0778086 0.0461219 -0.0250595 -0.0023037 0.0122170 -0.0121049 -0.0171018 -0.0394154 -0.0125726 -0.0125883 -0.0041501 -0.0850929 -0.0118579 -0.0899796 -0.0927679 -0.0918182 -0.0592098 -0.0506731 -0.0590855 -0.0420716 -0.0781281 -0.0675717 -0.0613736 -0.0417840 0.0017074 0.0014365 0.0042727 -0.0110475 -0.0279192 -0.0078693 0.0130228 -0.0056952 0.1034466 0.0856757 -0.0288101 -0.0254264 -0.0252700 0.0149682 -0.0005096 0.1965738 -0.0004523 0.0498052 -0.0110186 -0.0100527 -0.0195525 0.1383153 -0.0358571 0.1538327
-0.0030547 -0.0105384 -0.0074714 -0.0132184 -0.0045454 -0.0065175 -0.0110769 -0.0055977 -0.0027224 -0.0012103 0.0061378 0.0007538 -0.0060747 -0.0019223 -0.0099348 -0.0094698 0.1864004 0.1455324 0.1584353 0.1640082 1.2144555 0.1534874 0.1775419 0.1688100 -0.0760317 -0.0671580 -0.0607098 -0.0666971 -0.0796783 -0.0997030 -0.0931109 -0.0865225 -0.0946861 -0.0593207 -0.0661897 -0.0862906 -0.0791209 -0.0798378 -0.0766870 -0.0758394 -0.0155800 -0.0483678 -0.0907548 -0.0438514 -0.0352079 -0.0576260 -0.0485509 -0.1125528 0.0550425 -0.0284331 -0.0128710 0.0277567 -0.0227713 -0.0214660 -0.0439859 -0.0049873 -0.0041527 -0.0178286 -0.0889837 -0.0143377 -0.0816538 -0.0705085 -0.0703531 -0.0542863 -0.0654946 -0.0676105 -0.0526610 -0.1138874 -0.0694181 -0.0680543 -0.0352256 0.0263195 0.0115347 -0.0056345 -0.0093371 -0.0240242 0.0112219 0.0317557 -0.0007207 0.1248779 0.1297766 -0.0105674 -0.0063481 -0.0151928 0.0379482 0.0033322 0.2348017 0.0042757 0.0602297 -0.0507722 -0.0514698 -0.0176686 0.1632148 0.0039407 0.1739232
0.0251260 0.0211104 0.0221710 0.0174004 0.0276664 0.0235295 0.0209184 0.0286696 0.0281048 0.0280941 0.0363437 0.0365258 0.0272195 0.0318274 0.0223114 0.0192025 0.1228519 0.1220326 0.1254484 0.1512721 0.1534874 1.1203823 0.1528176 0.1431413 -0.0639863 -0.0546415 -0.0546841 -0.0509054 -0.0685391 -0.0825873 -0.0802910 -0.0726096 -0.0727809 -0.0418832 -0.0541964 -0.0661395 -0.0589047 -0.0597441 -0.0642527 -0.0577768 -0.0254746 -0.0556566 -0.0699412 -0.0315302 -0.0244668 -0.0580318 -0.0523213 -0.0783735 0.0292228 -0.0334698 -0.0061809 0.0044487 -0.0137469 -0.0212452 -0.0441948 -0.0120436 -0.0271292 -0.0105215 -0.0725542 -0.0163161 -0.0901592 -0.0819741 -0.0811747 -0.0508592 -0.0643459 -0.0582730 -0.0511168 -0.0772119 -0.0671296 -0.0565827 -0.0523504 -0.0049524 -0.0088283 -0.0104822 -0.0244161 -0.0245835 -0.0075341 0.0179135 0.0121121 0.0714263 0.0609399 -0.0360733 -0.0247347 -0.0247008 0.0052158 -0.0064603 0.1426241 -0.0144206 0.0186316 -0.0211947 -0.0197635 -0.0258232 0.1010009 -0.0279536 0.1088397
0.0007764 0.0016092 0.0000426 -0.0018512 0.0053265 0.0031795 -0.0003097 0.0055204 0.0106829 0.0102860 0.0166374 0.0152771 0.0074839 0.0097680 -0.0009222 -0.0000814 0.1597254 0.1414467 0.1370764 0.1838483 0.1775419 0.1528176 1.1635334 0.1566764 -0.0678050 -0.0683620 -0.0656819 -0.0649085 -0.0746295 -0.0907246 -0.0857486 -0.0759392 -0.0830935 -0.0533340 -0.0609817 -0.0825913 -0.0703087 -0.0766013 -0.0749537 -0.0723161 -0.0148688 -0.0452378 -0.0830090 -0.0368658 -0.0355795 -0.0540342 -0.0507324 -0.0961916 0.0340197 -0.0290790 -0.0018460 0.0176913 -0.0251696 -0.0138579 -0.0415772 -0.0055424 -0.0174143 0.0055326 -0.0738167 -0.0080094 -0.0819428 -0.0738199 -0.0707718 -0.0660486 -0.0680111 -0.0589512 -0.0556514 -0.0959966 -0.0704523 -0.0643530 -0.0493370 0.0151825 -0.0022273 0.0022802 -0.0188576 -0.0209934 0.0061825 0.0091213 0.0080594 0.1156523 0.1017902 -0.0132149 -0.0126341 -0.0138495 0.0314802 0.0074449 0.1961842 0.0092599 0.0483877 -0.0506155 -0.0505703 -0.0292611 0.1404057 -0.0164512 0.1594680
0.0041956 -0.0040818 -0.0036062 -0.0020136 0.0011713 0.0000459 -0.0084833 -0.0044019 0.0040216 0.0065567 0.0091177 0.0065958 0.0007602 0.0064346 -0.0040116 -0.0017927 0.1656117 0.1276590 0.1306382 0.1434599 0.1688100 0.1431413 0.1566764 1.1339501 -0.0601788 -0.0501250 -0.0605521 -0.0502133 -0.0670131 -0.0820769 -0.0828556 -0.0641698 -0.0795496 -0.0493899 -0.0612950 -0.0704080 -0.0576355 -0.0643045 -0.0626478 -0.0674601 -0.0128573 -0.0418961 -0.0784326 -0.0364349 -0.0258478 -0.0468847 -0.0381134 -0.0969997 0.0279867 -0.0323230 -0.0011621 0.0211485 -0.0285358 -0.0139764 -0.0257308 -0.0102357 -0.0077224 -0.0064755 -0.0734420 -0.0210626 -0.0678043 -0.0640457 -0.0626335 -0.0613824 -0.0627254 -0.0641374 -0.0496150 -0.0962535 -0.0584786 -0.0536368 -0.0358710 0.0227214 0.0086096 -0.0102322 -0.0160261 -0.0085437 0.0121497 0.0179341 -0.0036746 0.0952995 0.0842657 -0.0175681 -0.0086835 -0.0226781 0.0336368 -0.0008809 0.1810673 -0.0106807 0.0277523 -0.0396320 -0.0403426 -0.0309062 0.1248143 -0.0136711 0.1363212
0.0175527 0.0185794 0.0163472 0.0202051 0.0203819 0.0220603 0.0189117 0.0184123 0.0190748 0.0151932 0.0134714 0.0132787 0.0156500 0.0175277 0.0180174 0.0221681 -0.0724257 -0.0564023 -0.0564323 -0.0682120 -0.0760317 -0.0639863 -0.0678050 -0.0601788 0.8497005 0.0336381 0.0376742 0.0545495 0.0688228 0.0825583 0.0826013 0.0625024 0.0394796 0.0244825 0.0232132 0.0416285 0.0288387 0.0281676 0.0250504 0.0356612 0.0101644 0.0188781 0.0278427 0.0089732 0.0163171 0.0315094 0.0155072 0.0111242 -0.0536058 -0.0096406 -0.0198431 -0.0188124 -0.0189309 -0.0022214 -0.0082318 -0.0165948 -0.0167271 -0.0163350 0.0274711 -0.0054601 0.0283418 0.0239618 0.0237883 0.0084991 0.0021799 0.0119582 -0.0059129 0.0124520 0.0031634 0.0255907 -0.0044275 -0.0266183 -0.0296029 -0.0098810 -0.0099631 0.0024038 -0.0173220 -0.0383374 -0.0246186 -0.0875179 -0.1009175 -0.0073280 -0.0120734 0.0006959 -0.0542405 -0.0275306 -0.1413103 -0.0203087 -0.0560538 -0.0547526 -0.0558280 -0.0134215 -0.1051591 -0.0200021 -0.1266614
0.0105882 0.0118027 0.0103121 0.0104673 0.0093210 0.0142582 0.0110111 0.0125871 0.0060643 0.0069521 0.0029071 0.0023513 0.0070758 0.0007476 0.0126882 0.0180453 -0.0644825 -0.0640594 -0.0554520 -0.0684198 -0.0671580 -0.0546415 -0.0683620 -0.0501250 0.0336381 0.8688288 0.0744814 0.0292848 0.0477739 0.0378049 0.0448731 0.0420224 0.0370276 0.0204347 0.0173395 0.0405452 0.0230111 0.0232147 0.0266233 0.0333059 0.0124086 0.0274705 0.0184036 0.0008187 0.0056202 0.0349531 0.0212582 0.0043843 -0.0453986 -0.0006220 -0.0110712 -0.0146862 -0.0035531 0.0087074 0.0108101 -0.0256603 -0.0105070 -0.0077555 0.0335455 0.0034374 0.0513837 0.0434948 0.0424210 0.0034238 -0.0009480 0.0067413 -0.0124775 0.0044234 -0.0054234 0.0202967 -0.0081451 -0.0212988 -0.0158472 -0.0020323 0.0005945 -0.0000955 -0.0062832 -0.0407164 -0.0117361 -0.0722495 -0.0794822 0.0077362 -0.0158575 0.0076552 -0.0367500 -0.0090774 -0.1369138 -0.0171419 -0.0557516 -0.0642603 -0.0647321 -0.0110476 -0.0849672 -0.0206456 -0.1070312
0.0158238 0.0185029 0.0207460 0.0198064 0.0206102 0.0209832 0.0193585 0.0177857 0.0179213 0.0143939 0.0125551 0.0145018 0.0206742 0.0129127 0.0226031 0.0239702 -0.0668358 -0.0560333 -0.0490871 -0.0659635 -0.0607098 -0.0546841 -0.0656819 -0.0605521 0.0376742 0.0744814 0.8607913 0.0350835 0.0404442 0.0468839 0.0424546 0.0475296 0.0326189 0.0210450 0.0185406 0.0329485 0.0292824 0.0227407 0.0250388 0.0332990 0.0127914 0.0228743 0.0224584 0.0077016 0.0097965 0.0278121 0.0205167 0.0066055 -0.0520886 -0.0051981 -0.0226915 -0.0136256 -0.0142491 -0.0042282 -0.0016899 -0.0276286 -0.0161188 -0.0076792 0.0281684 0.0062761 0.0384524 0.0346738 0.0334324 0.0119967 0.0047398 0.0020795 -0.0085507 0.0059858 -0.0045196 0.0246299 -0.0006571 -0.0241244 -0.0302336 -0.0053693 -0.0025277 0.0015434 -0.0145086 -0.0419979 -0.0169842 -0.0910133 -0.0940048 0.0016672 -0.0158977 -0.0006295 -0.0392934 -0.0194395 -0.1330609 -0.0236139 -0.0553185 -0.0657407 -0.0670831 -0.0153384 -0.0924718 -0.0166715 -0.1121262
-0.0000355 0.0030890 0.0068793 0.0076685 0.0020491 0.0046236 0.0042115 0.0021783 0.0043159 0.0040286 0.0010122 0.0002024 0.0037727 0.0023851 0.0074831 0.0091813 -0.0493945 -0.0550872 -0.0546374 -0.0659966 -0.0666971 -0.0509054 -0.0649085 -0.0502133 0.0545495 0.0292848 0.0350835 0.8785483 0.0765660 0.0555112 0.0495595 0.0710034 0.0209859 0.0167657 0.0146900 0.0366634 0.0284729 0.0216141 0.0230773 0.0160654 0.0272956 0.0335230 0.0220569 0.0029497 0.0059083 0.0437575 0.0380267 0.0043976 -0.0529018 -0.0132432 -0.0048300 -0.0068653 -0.0064596 0.0159938 0.0033853 -0.0319194 -0.0041384 -0.0098119 0.0373033 0.0000714 0.0500723 0.0512555 0.0515169 0.0025945 -0.0051934 0.0013897 -0.0201476 0.0051632 -0.0053740 0.0233266 -0.0088890 -0.0081325 -0.0082517 -0.0084046 -0.0030124 0.0078765 -0.0059661 -0.0431253 -0.0179316 -0.0749992 -0.0750717 0.0083310 -0.0111454 0.0047058 -0.0404977 -0.0127492 -0.1145477 -0.0182041 -0.0640800 -0.0835930 -0.0843451 -0.0273304 -0.0883716 -0.0195287 -0.1035279
0.0045173 0.0070650 0.0062909 0.0088058 0.0049275 0.0088971 0.0055385 0.0037273 0.0052462 0.0035083 0.0035519 0.0009199 0.0062095 0.0047545 0.0104110 0.0134889 -0.0735689 -0.0594381 -0.0630275 -0.0783933 -0.0796783 -0.0685391 -0.0746295 -0.0670131 0.0688228 0.0477739 0.0404442 0.0765660 0.8750337 0.0680029 0.0587130 0.0808543 0.0298100 0.0224997 0.0194919 0.0358920 0.0254915 0.0283962 0.0284473 0.0262767 0.0168321 0.0179619 0.0234267 0.0045155 0.0056740 0.0330193 0.0199418 0.0107309 -0.0350447 -0.0090597 -0.0096568 -0.0265152 -0.0048750 0.0099957 0.0022932 -0.0249321 -0.0082860 -0.0019924 0.0366969 0.0009308 0.0537193 0.0497828 0.0496403 0.0132517 0.0003498 0.0112766 -0.0081687 0.0091738 -0.0029190 0.0263690 -0.0026437 -0.0153448 -0.0199612 -0.0049534 -0.0033347 0.0034548 -0.0088870 -0.0410254 -0.0122076 -0.0801854 -0.0819042 0.0081748 -0.0179235 0.0057693 -0.0444657 -0.0239135 -0.1337023 -0.0261050 -0.0550056 -0.0625838 -0.0626320 -0.0188408 -0.0966968 -0.0195743 -0.1122481
0.0005141 0.0037942 0.0062720 0.0054064 0.0027681 0.0065047 0.0067364 0.0015625 0.0021738 -0.0012016 -0.0034245 -0.0042099 0.0014701 -0.0029693 0.0079576 0.0088835 -0.0848845 -0.0778673 -0.0788898 -0.0910623 -0.0997030 -0.0825873 -0.0907246 -0.0820769 0.0825583 0.0378049 0.0468839 0.0555112 0.0680029 0.8707530 0.0862906 0.0673865 0.0318376 0.0277258 0.0262629 0.0421659 0.0346492 0.0436033 0.0284639 0.0391238 0.0124045 0.0285436 0.0388523 0.0121436 0.0157096 0.0357647 0.0272022 0.0340803 -0.0494688 -0.0071751 -0.0167225 -0.0148537 -0.0039252 0.0036435 0.0134637 -0.0237249 -0.0138857 -0.0087750 0.0368544 -0.0025577 0.0546117 0.0506589 0.0511768 0.0205021 0.0061333 0.0153732 0.0001580 0.0342732 0.0135221 0.0369328 0.0041592 -0.0228916 -0.0164195 -0.0116824 -0.0108223 0.0158711 -0.0172680 -0.0373989 -0.0157493 -0.0911877 -0.0937469 0.0093317 -0.0090588 0.0025937 -0.0420650 -0.0146459 -0.1513323 -0.0177002 -0.0589458 -0.0480457 -0.0485438 -0.0116090 -0.1052366 -0.0149890 -0.1264827
0.0148561 0.0159782 0.0190570 0.0173484 0.0180720 0.0142422 0.0173475 0.0151608 0.0129121 0.0094044 0.0097292 0.0084955 0.0130786 0.0076422 0.0190612 0.0204462 -0.0961906 -0.0795552 -0.0763896 -0.0965754 -0.0931109 -0.0802910 -0.0857486 -0.0828556 0.0826013 0.0448731 0.0424546 0.0495595 0.0587130 0.0862906 0.8587413 0.0637764 0.0423661 0.0312351 0.0262103 0.0491686 0.0388366 0.0427832 0.0384077 0.0410214 0.0167573 0.0240652 0.0403792 0.0111136 0.0160596 0.0434918 0.0238414 0.0318353 -0.0622812 0.0022367 -0.0151699 -0.0114626 -0.0049583 0.0026907 0.0103619 -0.0199715 -0.0218394 -0.0147438 0.0472562 -0.0049533 0.0432450 0.0380886 0.0383346 0.0106815 0.0099792 0.0158036 -0.0019163 0.0317215 0.0090954 0.0425797 -0.0016276 -0.0328033 -0.0238394 -0.0043280 -0.0020876 0.0000036 -0.0185457 -0.0443697 -0.0217478 -0.1022264 -0.1113109 -0.0034921 -0.0157469 0.0045370 -0.0552544 -0.0247661 -0.1644744 -0.0215173 -0.0648487 -0.0452713 -0.0459205 -0.0112148 -0.1237561 -0.0086655 -0.1430086
-0.0011591 0.0036858 0.0009607 0.0028345 -0.0002233 0.0011779 0.0003958 -0.0005310 0.0001208 -0.0030081 -0.0087438 -0.0063533 -0.0008485 -0.0058246 0.0029555 0.0113329 -0.0757645 -0.0697880 -0.0706082 -0.0850091 -0.0865225 -0.0726096 -0.0759392 -0.0641698 0.0625024 0.0420224 0.0475296 0.0710034 0.0808543 0.0673865 0.0637764 0.8768017 0.0372705 0.0191641 0.0164661 0.0450614 0.0315286 0.0264504 0.0319198 0.0254673 0.0178132 0.0352924 0.0211622 0.0033385 0.0067971 0.0456860 0.0323960 0.0027331 -0.0531745 -0.0060595 -0.0158469 -0.0035113 -0.0151634 0.0158939 0.0110584 -0.0224215 -0.0077402 0.0014651 0.0400754 0.0140871 0.0650696 0.0735924 0.0729177 0.0012113 -0.0067520 0.0048303 -0.0028522 0.0034964 0.0000746 0.0288120 0.0092384 -0.0085278 -0.0150344 -0.0098107 -0.0046268 0.0217297 0.0020461 -0.0423225 -0.0149214 -0.0753357 -0.0791198 0.0173562 -0.0171760 0.0086140 -0.0391839 -0.0132465 -0.1227206 -0.0237228 -0.0535721 -0.1013960 -0.1020827 -0.0235381 -0.0848365 -0.0049333 -0.1101868
0.0133528 0.0125817 0.0167300 0.0167899 0.0144108 0.0181283 0.0173183 0.0170749 0.0143680 0.0130621 0.0101275 0.0111067 0.0170114 0.0087935 0.0171733 0.0248132 -0.0909834 -0.0715114 -0.0710982 -0.0832585 -0.0946861 -0.0727809 -0.0830935 -0.0795496 0.0394796 0.0370276 0.0326189 0.0209859 0.0298100 0.0318376 0.0423661 0.0372705 0.8545212 0.0290766 0.0309046 0.0518089 0.0296055 0.0453273 0.0446606 0.0465397 0.0077925 0.0229295 0.0382499 0.0153904 0.0162696 0.0236460 0.0152960 0.0360648 -0.0477271 0.0115768 -0.0116354 -0.0220136 -0.0033349 0.0007970 0.0060228 -0.0155466 -0.0155082 -0.0124017 0.0373624 -0.0085163 0.0331391 0.0280495 0.0269543 0.0184155 0.0151120 0.0198574 0.0067787 0.0347209 0.0109861 0.0299578 -0.0001512 -0.0278895 -0.0267757 -0.0017302 -0.0054148 -0.0031753 -0.0171176 -0.0352015 -0.0197792 -0.0889270 -0.0942483 -0.0072733 -0.0156507 -0.0026033 -0.0442398 -0.0152901 -0.1569593 -0.0150954 -0.0520321 -0.0277059 -0.0275253 -0.0079347 -0.1137750 -0.0224503 -0.1173647
0.0170400 0.0181866 0.0196415 0.0187997 0.0197189 0.0184055 0.0212046 0.0200726 0.0176805 0.0169027 0.0164223 0.0167350 0.0184522 0.0173423 0.0172916 0.0163762 -0.0610983 -0.0451111 -0.0435982 -0.0502770 -0.0593207 -0.0418832 -0.0533340 -0.0493899 0.0244825 0.0204347 0.0210450 0.0167657 0.0224997 0.0277258 0.0312351 0.0191641 0.0290766 0.9513835 0.0183188 0.0271681 0.0224395 0.0271651 0.0258090 0.0256671 0.0006716 0.0054283 0.0293772 0.0133625 0.0131237 0.0127792 0.0088226 0.0395748 -0.0237325 0.0090231 -0.0037874 -0.0165033 0.0052388 -0.0023412 0.0040227 -0.0035728 -0.0103981 -0.0073464 0.0168632 -0.0079451 0.0107267 0.0042818 0.0034773 0.0201217 0.0214847 0.0200410 0.0119257 0.0397501 0.0175793 0.0221364 0.0050861 -0.0239906 -0.0137826 -0.0034101 -0.0041255 -0.0085984 -0.0188021 -0.0149197 -0.0117970 -0.0628309 -0.0677015 -0.0140347 -0.0074627 -0.0035178 -0.0276265 -0.0179604 -0.1037302 -0.0097447 -0.0284541 0.0295241 0.0290976 0.0051852 -0.0729380 -0.0073865 -0.0807416
0.0011803 0.0011627 0.0040800 0.0037811 -0.0016388 -0.0025742 0.0017433 -0.0005713 -0.0037382 -0.0013930 -0.0042378 -0.0001027 -0.0035932 -0.0021674 0.0068828 0.0065605 -0.0490150 -0.0547509 -0.0578332 -0.0616795 -0.0661897 -0.0541964 -0.0609817 -0.0612950 0.0232132 0.0173395 0.0185406 0.0146900 0.0194919 0.0262629 0.0262103 0.0164661 0.0309046 0.0183188 0.8831552 0.0314707 0.0257807 0.0247630 0.0156130 0.0241672 -0.0005623 0.0090983 0.0255367 -0.0040208 0.0049132 0.0126784 0.0079779 0.0189779 -0.0276696 -0.0003620 -0.0034755 -0.0156586 -0.0014619 0.0028984 0.0032309 -0.0123491 0.0020042 0.0011987 0.0240237 0.0022057 0.0218622 0.0177237 0.0166556 0.0120619 0.0072897 0.0148930 0.0013510 0.0188396 0.0052480 0.0236431 0.0054409 -0.0129728 -0.0154002 -0.0046674 -0.0039685 -0.0003728 -0.0030461 -0.0172551 -0.0029162 -0.0579009 -0.0591836 0.0010984 0.0032764 0.0076646 -0.0222501 -0.0123677 -0.0956543 -0.0129223 -0.0239014 -0.0209975 -0.0211386 -0.0013147 -0.0724608 -0.0028487 -0.0747148
0.0169121 0.0183500 0.0230667 0.0184108 0.0213194 0.0189867 0.0210695 0.0211709 0.0178100 0.0179992 0.0165477 0.0188773 0.0190462 0.0171118 0.0182314 0.0241049 -0.0813362 -0.0714004 -0.0620861 -0.0767183 -0.0862906 -0.0661395 -0.0825913 -0.0704080 0.0416285 0.0405452 0.0329485 0.0366634 0.0358920 0.0421659 0.0491686 0.0450614 0.0518089 0.0271681 0.0314707 0.8618830 0.0412467 0.0375566 0.0423095 0.0404739 0.0136732 0.0247833 0.0352468 0.0106084 0.0127386 0.0335505 0.0246983 0.0179894 -0.0476298 0.0030360 -0.0123510 -0.0202855 -0.0022867 0.0022500 0.0013434 -0.0100884 -0.0177400 -0.0141082 0.0421778 -0.0041934 0.0435516 0.0421293 0.0411956 0.0114871 0.0136620 0.0197396 -0.0030436 0.0207415 0.0032252 0.0355134 -0.0022170 -0.0223418 -0.0219524 -0.0073717 -0.0031414 0.0009321 -0.0147399 -0.0400605 -0.0202337 -0.1025471 -0.1037540 -0.0009049 -0.0132568 -0.0021297 -0.0462641 -0.0268739 -0.1547829 -0.0207147 -0.0643801 -0.0527790 -0.0538307 -0.0148242 -0.1141242 -0.0212375 -0.1337442
0.0088990 0.0084984 0.0139128 0.0109006 0.0086638 0.0051478 0.0062559 0.0075621 0.0068908 0.0026477 0.0059105 0.0060847 0.0084617 0.0077304 0.0095032 0.0095049 -0.0628516 -0.0551056 -0.0587620 -0.0562143 -0.0791209 -0.0589047 -0.0703087 -0.0576355 0.0288387 0.0230111 0.0292824 0.0284729 0.0254915 0.0346492 0.0388366 0.0315286 0.0296055 0.0224395 0.0257807 0.0412467 0.8685337 0.0298752 0.0356196 0.0295101 0.0006244 0.0106831 0.0282371 0.0018776 0.0121986 0.0202922 0.0106199 0.0194292 -0.0368100 -0.0011307 -0.0090676 -0.0101100 -0.0044699 0.0010604 0.0101428 -0.0236752 -0.0119972 -0.0085679 0.0335429 0.0015019 0.0275887 0.0238135 0.0244171 0.0080780 0.0164439 0.0096557 0.0012816 0.0199244 0.0083607 0.0328050 -0.0014876 -0.0173055 -0.0160117 -0.0030485 -0.0001399 0.0014507 -0.0091485 -0.0304230 -0.0194347 -0.0909718 -0.0922765 -0.0053622 -0.0166345 0.0018303 -0.0310230 -0.0229626 -0.1225827 -0.0068040 -0.0391864 -0.0287326 -0.0296004 -0.0059654 -0.0917365 -0.0105499 -0.1037845
0.0104397 0.0140550 0.0104119 0.0167815 0.0119179 0.0075291 0.0125519 0.0123780 0.0089751 0.0077090 0.0076595 0.0052213 0.0127170 0.0079345 0.0159120 0.0149785 -0.0763682 -0.0648221 -0.0654069 -0.0750576 -0.0798378 -0.0597441 -0.0766013 -0.0643045 0.0281676 0.0232147 0.0227407 0.0216141 0.0283962 0.0436033 0.0427832 0.0264504 0.0453273 0.0271651 0.0247630 0.0375566 0.0298752 0.8787111 0.0340725 0.0424651 -0.0006026 0.0130234 0.0428455 0.0123844 0.0099475 0.0170890 0.0155079 0.0358230 -0.0365223 0.0080323 -0.0048449 -0.0131994 0.0014019 -0.0060960 0.0104354 -0.0095599 -0.0150246 -0.0036348 0.0237022 -0.0148633 0.0188736 0.0127144 0.0123131 0.0184944 0.0175547 0.0222443 0.0113411 0.0340808 0.0212001 0.0335366 0.0029567 -0.0321376 -0.0192742 -0.0042911 -0.0052614 -0.0079840 -0.0216001 -0.0179993 -0.0147992 -0.0842125 -0.0975422 -0.0098323 -0.0157706 0.0027831 -0.0324949 -0.0283550 -0.1335947 -0.0142835 -0.0387876 0.0108216 0.0096867 -0.0044853 -0.1023456 -0.0113852 -0.1117039
0.0172581 0.0203854 0.0195411 0.0202880 0.0223187 0.0143139 0.0205279 0.0202491 0.0149138 0.0173993 0.0157132 0.0154302 0.0212510 0.0155584 0.0184604 0.0197010 -0.0743636 -0.0605883 -0.0610982 -0.0688358 -0.0766870 -0.0642527 -0.0749537 -0.0626478 0.0250504 0.0266233 0.0250388 0.0230773 0.0284473 0.0284639 0.0384077 0.0319198 0.0446606 0.0258090 0.0156130 0.0423095 0.0356196 0.0340725 0.8597391 0.0346803 0.0029831 0.0098458 0.0274596 0.0135572 0.0074198 0.0282025 0.0157150 0.0285120 -0.0494016 0.0065839 -0.0122942 -0.0095610 -0.0057134 -0.0007031 0.0120447 -0.0115232 -0.0108222 -0.0191576 0.0236705 -0.0165363 0.0252588 0.0171739 0.0162807 0.0160256 0.0147072 0.0160911 -0.0021997 0.0283699 0.0035245 0.0213727 -0.0052138 -0.0317054 -0.0255658 -0.0067178 -0.0059188 -0.0081064 -0.0072823 -0.0334430 -0.0149704 -0.0804479 -0.0890069 -0.0156348 -0.0205536 0.0009120 -0.0466090 -0.0222688 -0.1441125 -0.0196835 -0.0560395 -0.0167160 -0.0165262 -0.0058004 -0.1039384 -0.0244296 -0.1087515
