0.7708746 0.0043072 0.1768372 0.0479811
0.7859886 0.0000996 0.1788254 0.0350864
0.8119869 0.0000993 0.1562716 0.0316422
0.7415960 0.0000994 0.2005406 0.0577640
0.8347191 0.0000993 0.1327676 0.0324140
0.8244350 0.0000995 0.1581682 0.0172973
0.8355932 0.0000990 0.1261445 0.0381632
0.8495119 0.0000992 0.1189940 0.0313949
0.8539935 0.0000997 0.1261742 0.0197325
0.8505313 0.0000998 0.1192905 0.0300785
0.8665921 0.0008721 0.0946916 0.0378441
0.8884097 0.0000998 0.0882183 0.0232722
0.8481815 0.0000995 0.1283152 0.0234039
0.8509383 0.0000997 0.1103610 0.0386010
0.7248588 0.0075554 0.2297119 0.0378739
0.7391529 0.0076547 0.2369501 0.0162423
0.3820167 0.5861118 0.0317725 0.0000989
0.5212564 0.4785445 0.0000996 0.0000996
0.5437598 0.4560411 0.0000996 0.0000996
0.5068933 0.4929070 0.0000999 0.0000999
0.4416395 0.5581619 0.0000993 0.0000993
0.5699446 0.4298559 0.0000998 0.0000998
0.4846759 0.5151255 0.0000993 0.0000993
0.4912052 0.5085960 0.0000994 0.0000994
0.2617619 0.0000991 0.6145431 0.1235959
0.2338268 0.0140216 0.6524841 0.0996675
0.2749224 0.0015345 0.6225987 0.1009443
0.2113776 0.0315410 0.6902758 0.0668055
0.2048301 0.0000997 0.6839143 0.1111559
0.1546548 0.0000986 0.6945035 0.1507431
0.1947431 0.0000979 0.6572517 0.1479072
0.1677852 0.0131863 0.7610800 0.0579486
0.2198428 0.0000983 0.6006209 0.1794381
0.2784823 0.0238317 0.4739639 0.2237221
0.2024463 0.0366102 0.5779160 0.1830275
0.2437173 0.0000986 0.6264079 0.1297762
0.2289056 0.0000995 0.6021183 0.1688766
0.2254611 0.0000988 0.5457585 0.2286816
0.2631169 0.0000988 0.5520344 0.1847498
0.2426081 0.0000991 0.5740831 0.1832097
0.2752711 0.1542754 0.5703539 0.0000997
0.1756418 0.1193145 0.7049439 0.0000998
0.1578847 0.0000986 0.5545025 0.2875142
0.2691297 0.0711823 0.4206195 0.2390685
0.3331284 0.0670881 0.4300426 0.1697409
0.2290323 0.0606076 0.6881496 0.0222105
0.1924722 0.1007173 0.6465816 0.0602289
0.0595174 0.0000972 0.4553587 0.4850267
0.0786323 0.3794041 0.2392913 0.3026723
0.1870780 0.1178387 0.4174709 0.2776124
0.1333342 0.2188857 0.4390498 0.2087303
0.1324401 0.3002065 0.4771245 0.0902289
0.1116985 0.1547385 0.4368725 0.2966906
0.1838493 0.1881878 0.5345246 0.0934383
0.0825297 0.1494766 0.5784149 0.1895788
0.1456112 0.2219879 0.3286990 0.3037020
0.0269738 0.2690691 0.5286540 0.1753031
0.0953607 0.2349014 0.5033172 0.1664207
0.0449300 0.0428135 0.8417390 0.0705175
0.1005903 0.2273596 0.6022603 0.0697898
0.0000997 0.0692554 0.9305452 0.0000997
0.0000998 0.0818831 0.9179173 0.0000998
0.0000998 0.0878271 0.9119733 0.0000998
0.1464244 0.0372252 0.4591872 0.3571633
0.0788051 0.0392190 0.4598843 0.4220916
0.1567007 0.0342029 0.4926109 0.3164855
0.0458339 0.1091566 0.4611423 0.3838672
0.0630811 0.0000972 0.4578938 0.4789279
0.0000999 0.0695490 0.5104857 0.4198653
0.2044788 0.0038837 0.5868822 0.2047553
0.0438554 0.1537225 0.5200080 0.2824141
0.0263350 0.3695122 0.5302289 0.0739240
0.0590064 0.2978317 0.4508251 0.1923368
0.1908693 0.2032873 0.4727681 0.1330752
0.0982716 0.2166860 0.5404788 0.1445636
0.1179866 0.2387665 0.6109077 0.0323392
0.0914919 0.3134601 0.5743258 0.0207222
0.0478482 0.3157287 0.3050743 0.3313488
0.1211091 0.2736982 0.4709899 0.1342027
0.0001005 0.6742291 0.1443354 0.1813349
0.0001008 0.7001107 0.1532217 0.1465668
0.0000999 0.2874616 0.6898583 0.0225801
0.0682159 0.2539455 0.4552104 0.2226283
0.0748298 0.2089950 0.6152159 0.1009593
0.0001002 0.4061981 0.3721692 0.2215325
0.0143263 0.3258735 0.5257680 0.1340322
0.0001010 0.9269851 0.0001010 0.0728128
0.0325864 0.2770385 0.4605292 0.2298459
0.0001000 0.4225329 0.2483518 0.3290153
0.0001011 0.0179993 0.0001011 0.9817985
0.0001011 0.0184876 0.0001011 0.9813102
0.0945495 0.1655717 0.3770081 0.3628706
0.0126647 0.7373264 0.1358546 0.1141543
0.0217676 0.2521307 0.4738775 0.2522242
0.0001007 0.7901571 0.0146276 0.1951146
