0.8260764 0.0000997 0.0272893 0.1465346
0.8422787 0.0000995 0.0156672 0.1419547
0.8790961 0.0000995 0.0073830 0.1134214
0.7969407 0.0000995 0.0318217 0.1711381
0.9074415 0.0000997 0.0075403 0.0849185
0.8894573 0.0000997 0.0000997 0.1103432
0.9082103 0.0000994 0.0097618 0.0819285
0.9152796 0.0000995 0.0060125 0.0786084
0.9093122 0.0000997 0.0000997 0.0904884
0.9185411 0.0005855 0.0001332 0.0807403
0.9387913 0.0047431 0.0062528 0.0502128
0.9560484 0.0013160 0.0001000 0.0425357
0.9154412 0.0000998 0.0000998 0.0843593
0.9184312 0.0000999 0.0096292 0.0718397
0.7662913 0.0000994 0.0167007 0.2169086
0.7790341 0.0000994 0.0000994 0.2207671
0.5995651 0.2446837 0.0001000 0.1556513
0.7197177 0.1915032 0.0434822 0.0452969
0.7617419 0.1931674 0.0449907 0.0001000
0.7185989 0.2069767 0.0743245 0.0000999
0.7496187 0.2501813 0.0001000 0.0001000
0.7481802 0.1681849 0.0835350 0.0000999
0.7622855 0.2323647 0.0052499 0.0001000
0.7223690 0.2030717 0.0453408 0.0292185
0.2653286 0.0000991 0.0464864 0.6880859
0.2306028 0.0000991 0.0669514 0.7023467
0.2733634 0.0000992 0.0453171 0.6812203
0.2208531 0.0089560 0.0172775 0.7529134
0.2060689 0.0000997 0.0471341 0.7466973
0.1535205 0.0000991 0.0573018 0.7890786
0.1939209 0.0000982 0.0684990 0.7374820
0.1503208 0.0038247 0.0001000 0.8457545
0.2028509 0.0000976 0.1154579 0.6815936
0.2905039 0.0263760 0.1503921 0.5327280
0.1946829 0.0000999 0.1141638 0.6910533
0.2362622 0.0000982 0.0702084 0.6934312
0.2250415 0.0000991 0.1003875 0.6744719
0.2243550 0.0000987 0.1521240 0.6234223
0.2556594 0.0000983 0.1253079 0.6189345
0.2407391 0.0000986 0.1182744 0.6408880
0.3109353 0.0432584 0.0001000 0.6457064
0.1817174 0.0371954 0.0001000 0.7809871
0.1506809 0.0000987 0.1892186 0.6600018
0.2793289 0.0225682 0.1495021 0.5486008
0.3573722 0.0130141 0.1195131 0.5101005
0.2419788 0.0127720 0.0001000 0.7451492
0.2104771 0.0321836 0.0229037 0.7344357
0.0476026 0.0000983 0.3573841 0.5949150
0.1371686 0.1677164 0.2360428 0.4590722
0.1921803 0.0250610 0.2441464 0.5386123
0.1767735 0.0784221 0.1976509 0.5471536
0.1953243 0.1540362 0.0001000 0.6505395
0.1317432 0.0503578 0.2909567 0.5269423
0.2195063 0.0822975 0.0399308 0.6582655
0.0888719 0.0516493 0.1260591 0.7334197
0.1835221 0.1224368 0.1896932 0.5043479
0.0610411 0.1245312 0.1083149 0.7061128
0.1340036 0.1118940 0.0996614 0.6544409
0.0452215 0.0021223 0.0653441 0.8873121
0.1325139 0.0863016 0.0455222 0.7356623
0.0050661 0.0088312 0.0001000 0.9860029
0.0001000 0.0283417 0.0001000 0.9714583
0.0001000 0.0300827 0.0001000 0.9697173
0.1395907 0.0001000 0.2889260 0.5713834
0.0677591 0.0197703 0.2971015 0.6153691
0.1344302 0.0280234 0.1236117 0.7139347
0.0300528 0.0597010 0.1855668 0.7246794
0.0525665 0.0000982 0.3548616 0.5924737
0.0001001 0.0532528 0.1686074 0.7780398
0.1980861 0.0000997 0.1154693 0.6863449
0.0289310 0.0608401 0.1353534 0.7748755
0.0633795 0.1585057 0.0079620 0.7701529
0.0982579 0.1247775 0.1426284 0.6343362
0.2183826 0.0555901 0.1445702 0.5814571
0.1129107 0.0592659 0.1532227 0.6746006
0.1513343 0.0941530 0.0089245 0.7455882
0.1251010 0.1192923 0.0266296 0.7289771
0.0970845 0.1388584 0.2820112 0.4820459
0.1637341 0.1053848 0.1217187 0.6091624
0.0001001 0.3081995 0.1714860 0.5202144
0.0001001 0.3325838 0.1258751 0.5414410
0.0008808 0.1053017 0.0023793 0.8914382
0.0867014 0.0958701 0.1528732 0.6645553
0.0985017 0.0732510 0.0770653 0.7511820
0.0001001 0.1877724 0.1579825 0.6541450
0.0351063 0.1181023 0.1208825 0.7259088
0.1088257 0.5442830 0.0001000 0.3467914
0.0615512 0.1022136 0.1974167 0.6388185
0.0417013 0.2099856 0.2213287 0.5269843
0.0001000 0.0123314 0.9874687 0.0001000
0.0001000 0.0140726 0.9857274 0.0001000
0.0929141 0.0500959 0.3039808 0.5530093
0.1656483 0.3936227 0.0232523 0.4174767
0.0323456 0.1083439 0.1429976 0.7163128
0.0209722 0.4162540 0.1782748 0.3844989
0.0001000 0.9849746 0.0073032 0.0076222
0.0001000 0.9964578 0.0009482 0.0024940
0.0001000 0.9892986 0.0020031 0.0085982
0.0037491 0.9871764 0.0042126 0.0048619
0.0001000 0.9830483 0.0167517 0.0001000
0.0001000 0.9804822 0.0013213 0.0180965
0.0001000 0.9849560 0.0093208 0.0056232
0.0002149 0.9922883 0.0050488 0.0024480
0.0006796 0.9948843 0.0001821 0.0042541
0.0001000 0.9997001 0.0001000 0.0001000
0.0001000 0.9997000 0.0001000 0.0001000
0.0001000 0.9997001 0.0001000 0.0001000
0.0001000 0.9997001 0.0001000 0.0001000
0.0001000 0.9997001 0.0001000 0.0001000
0.0001000 0.9997001 0.0001000 0.0001000
0.0001000 0.9997001 0.0001000 0.0001000
0.0001000 0.9997001 0.0001000 0.0001000
0.0001000 0.9997001 0.0001000 0.0001000
