0.1298001 0.0000999 0.8701000
0.1118112 0.0000996 0.8880892
0.0773879 0.0000996 0.9225124
0.1586416 0.0000997 0.8412586
0.0511317 0.0000998 0.9487684
0.0574893 0.0000999 0.9424109
0.0501398 0.0000995 0.9497607
0.0436574 0.0000996 0.9562430
0.0374711 0.0000998 0.9624291
0.0364570 0.0023456 0.9611974
0.0158560 0.0075350 0.9766090
0.0001000 0.0035776 0.9963224
0.0352525 0.0000999 0.9646477
0.0394599 0.0019726 0.9585675
0.1835432 0.0000995 0.8163573
0.1659382 0.0000994 0.8339624
0.0660628 0.2493459 0.6845913
0.0529372 0.1996220 0.7474408
0.0002558 0.2037791 0.7959650
0.0000999 0.2265445 0.7733555
0.0000999 0.2492863 0.7506138
0.0000999 0.1895638 0.8103363
0.0000999 0.2328598 0.7670403
0.0391771 0.2117274 0.7490955
0.6580105 0.0000990 0.3418905
0.6951382 0.0000992 0.3047626
0.6490162 0.0000991 0.3508847
0.6903325 0.0010242 0.3086433
0.7136570 0.0000995 0.2862436
0.7642990 0.0000990 0.2356020
0.7304127 0.0000982 0.2694891
0.7398241 0.0000994 0.2600765
0.7315706 0.0000980 0.2683313
0.6202425 0.0428861 0.3368713
0.7328148 0.0060428 0.2611423
0.6908272 0.0000982 0.3090746
0.7057356 0.0000994 0.2941650
0.7176784 0.0000994 0.2822222
0.6834440 0.0000988 0.3164572
0.6960127 0.0000991 0.3038883
0.5662124 0.0352058 0.3985818
0.6859285 0.0264569 0.2876146
0.7928320 0.0000997 0.2070684
0.6323522 0.0366668 0.3309810
0.5666889 0.0236857 0.4096254
0.6628616 0.0015548 0.3355836
0.6814428 0.0256775 0.2928797
0.9128117 0.0053201 0.0818682
0.6391739 0.1952634 0.1655627
0.7155014 0.0521180 0.2323806
0.6806175 0.0992093 0.2201732
0.5827751 0.1457323 0.2714926
0.7534022 0.0840943 0.1625035
0.6299681 0.0795848 0.2904471
0.7877252 0.0595185 0.1527563
0.6352055 0.1427350 0.2220595
0.7487377 0.1300670 0.1211953
0.6879182 0.1173590 0.1947227
0.8708743 0.0000999 0.1290258
0.7103447 0.0829138 0.2067414
0.8672362 0.0000995 0.1326644
0.9132493 0.0122872 0.0744636
0.9150255 0.0137427 0.0712318
0.7930173 0.0302407 0.1767420
0.8441923 0.0520291 0.1037786
0.7621168 0.0362415 0.2016417
0.8352237 0.0759621 0.0888142
0.9104160 0.0028515 0.0867325
0.8971359 0.0670831 0.0357810
0.7316411 0.0028773 0.2654816
0.8341917 0.0694070 0.0964013
0.7071268 0.1491930 0.1436802
0.7116747 0.1363937 0.1519316
0.6600196 0.0685861 0.2713943
0.7590200 0.0717790 0.1692011
0.6811047 0.0852826 0.2336128
0.6870114 0.1131836 0.1998051
0.7023845 0.1724263 0.1251892
0.6666608 0.1145618 0.2187774
0.6595541 0.3254732 0.0149727
0.6566333 0.3432667 0.0001001
0.8202026 0.0926219 0.0871754
0.7474178 0.1086060 0.1439762
0.7554009 0.0738991 0.1707000
0.7643144 0.2011595 0.0345261
0.7764279 0.1251778 0.0983943
0.2973226 0.5412576 0.1614198
0.7684742 0.1214468 0.1100790
0.6890162 0.2341362 0.0768477
0.8625012 0.1373987 0.0001001
0.8602600 0.1396399 0.0001001
0.7900522 0.0851793 0.1247685
0.3974968 0.3916897 0.2108134
0.7885668 0.1186309 0.0928024
0.5189999 0.4363190 0.0446811
0.0141487 0.9857513 0.0001000
0.0032518 0.9966482 0.0001000
0.0104366 0.9894634 0.0001000
0.0066563 0.9877924 0.0055512
0.0139829 0.9859171 0.0001000
0.0194690 0.9804310 0.0001000
0.0137440 0.9861560 0.0001000
0.0060607 0.9930792 0.0008600
0.0028265 0.9949303 0.0022433
0.0001000 0.9998000 0.0001000
0.0001000 0.9998000 0.0001000
0.0001000 0.9998000 0.0001000
0.0001000 0.9998000 0.0001000
0.0001000 0.9998000 0.0001000
0.0001000 0.9998000 0.0001000
0.0001000 0.9998000 0.0001000
0.0001000 0.9998000 0.0001000
0.0001000 0.9998000 0.0001000
