0.1436347 0.0276671 0.7930767 0.0000996 0.0355219
0.1382299 0.0170828 0.8072781 0.0000993 0.0373099
0.1222098 0.0110224 0.8445401 0.0000994 0.0221283
0.1591898 0.0325061 0.7638454 0.0000993 0.0443594
0.0902132 0.0130263 0.8737599 0.0000996 0.0229010
0.1275983 0.0000996 0.8569850 0.0000996 0.0152174
0.1085807 0.0119794 0.8725641 0.0000993 0.0067764
0.1144584 0.0070679 0.8778842 0.0000994 0.0004901
0.1264007 0.0000996 0.8730053 0.0000996 0.0003948
0.1108104 0.0018540 0.8823795 0.0000999 0.0048561
0.0859115 0.0099386 0.9009992 0.0030506 0.0001000
0.0852440 0.0001000 0.9144561 0.0001000 0.0001000
0.1069572 0.0000997 0.8817133 0.0000997 0.0111301
0.1045611 0.0111573 0.8820259 0.0000998 0.0021559
0.2164968 0.0118498 0.7328138 0.0000992 0.0387403
0.2128795 0.0000992 0.7440310 0.0000992 0.0428912
0.1973231 0.0001000 0.5641165 0.2383603 0.0001000
0.0994523 0.0406685 0.6726645 0.1871147 0.0001000
0.0249407 0.0529848 0.7313949 0.1905796 0.0001000
0.0000997 0.1110561 0.6749332 0.1996859 0.0142250
0.0243702 0.0073880 0.7207206 0.2474211 0.0001000
0.0000997 0.1194344 0.6913977 0.1594667 0.0296014
0.0000999 0.0329942 0.7185432 0.2249810 0.0233818
0.0060798 0.0681059 0.7004629 0.1991306 0.0262209
0.6680568 0.0020164 0.2367385 0.0000990 0.0930893
0.5594896 0.0331959 0.2096978 0.0000987 0.1975179
0.5870360 0.0098680 0.2494680 0.0000989 0.1535290
0.5954623 0.0000999 0.1974393 0.0000999 0.2068987
0.6126818 0.0130677 0.1846981 0.0000992 0.1894531
0.6933132 0.0139700 0.1320048 0.0000988 0.1606132
0.6621090 0.0264824 0.1719416 0.0000979 0.1393691
0.6970271 0.0000994 0.1198218 0.0000994 0.1829523
0.5789790 0.0721118 0.1793711 0.0000973 0.1694408
0.4589622 0.1193266 0.2706823 0.0191264 0.1319026
0.6182581 0.0648751 0.1691802 0.0000997 0.1475869
0.5818758 0.0327106 0.2138895 0.0000978 0.1714263
0.5598008 0.0635793 0.2026437 0.0000987 0.1738775
0.5439722 0.1136436 0.2016216 0.0000984 0.1406642
0.5200080 0.0889532 0.2316536 0.0000979 0.1592873
0.5538592 0.0790780 0.2168429 0.0000983 0.1501216
0.5176182 0.0001000 0.2840325 0.0301077 0.1681415
0.5619575 0.0001000 0.1612509 0.0214337 0.2552579
0.5710721 0.1442621 0.1274685 0.0000984 0.1570989
0.5909778 0.0899448 0.2495962 0.0215962 0.0478850
0.4733481 0.0831098 0.3317753 0.0087942 0.1029726
0.5919575 0.0000999 0.2143776 0.0000999 0.1934651
0.6179850 0.0001000 0.1860630 0.0217839 0.1740680
0.3795112 0.3434467 0.0314839 0.0000978 0.2454604
0.5532135 0.1650791 0.1116129 0.1684800 0.0016145
0.4802026 0.2023223 0.1680943 0.0208156 0.1285653
0.3328982 0.1894164 0.1627362 0.0694906 0.2454585
0.5640819 0.0001001 0.1626651 0.1395264 0.1336266
0.3047448 0.2829885 0.1163531 0.0420024 0.2539112
0.6165097 0.0007474 0.1955451 0.0751061 0.1120918
0.6773013 0.0739960 0.0693618 0.0454486 0.1338923
0.6008943 0.1201704 0.1567494 0.1220733 0.0001126
0.5146470 0.0765652 0.0461675 0.1156362 0.2469841
0.4605330 0.0800870 0.1191329 0.1023849 0.2378622
0.1799313 0.0875508 0.0401632 0.0000993 0.6922554
0.4262404 0.0359883 0.1214022 0.0738554 0.3425137
0.0893592 0.0068661 0.0253139 0.0007541 0.8777067
0.0000998 0.0000998 0.0000998 0.0213505 0.9783500
0.0000998 0.0000998 0.0000998 0.0230237 0.9766768
0.5097760 0.2409545 0.1160364 0.0000998 0.1331334
0.6108368 0.2336116 0.0433239 0.0177573 0.0944704
0.8683117 0.0168880 0.0802124 0.0344879 0.0001000
0.8697192 0.0659336 0.0001001 0.0641471 0.0001001
0.3842593 0.3399549 0.0360492 0.0000977 0.2396389
0.9269297 0.0121569 0.0001001 0.0607132 0.0001001
0.6249772 0.0673468 0.1739310 0.0000995 0.1336455
0.9089347 0.0270338 0.0001000 0.0638314 0.0001000
0.7509786 0.0001001 0.0229879 0.1425036 0.0834298
0.5988538 0.0934630 0.0771465 0.1195235 0.1110132
0.4851888 0.1193696 0.1977142 0.0481724 0.1495550
0.4971554 0.1280453 0.0961775 0.0500891 0.2285326
0.5352950 0.0001001 0.1302417 0.0803247 0.2540386
0.5126443 0.0058272 0.1105602 0.1082059 0.2627624
0.3945495 0.2477605 0.0785949 0.1346495 0.1444455
0.4551567 0.1020661 0.1475690 0.0965707 0.1986375
0.6270364 0.0671957 0.0001002 0.3055676 0.0001002
0.6599083 0.0113191 0.0001002 0.3285722 0.0001002
0.7540694 0.0001001 0.0001001 0.0866220 0.1591084
0.7658704 0.0691680 0.0580182 0.0948750 0.0120684
0.5387647 0.0526235 0.0833562 0.0622759 0.2629797
0.7594587 0.0565354 0.0001001 0.1838056 0.0001001
0.6871504 0.0654817 0.0149434 0.1116360 0.1207886
0.3408701 0.0001000 0.0858969 0.5345587 0.0385743
0.5846171 0.1478518 0.0410001 0.0970170 0.1295141
0.5879726 0.1491599 0.0183670 0.2095519 0.0349486
0.0001000 0.9849915 0.0001000 0.0147086 0.0001000
0.0001000 0.9834464 0.0001000 0.0162537 0.0001000
0.6487485 0.2218768 0.0631750 0.0520804 0.0141193
0.4211460 0.0001000 0.1430178 0.3869077 0.0488285
0.8500486 0.0414969 0.0001001 0.1082544 0.0001001
0.4029571 0.1359241 0.0061052 0.4139170 0.0410966
0.0136193 0.0034717 0.0001000 0.9827090 0.0001000
0.0012050 0.0011333 0.0001000 0.9944274 0.0031342
0.0145771 0.0001000 0.0001000 0.9851228 0.0001000
0.0159324 0.0001000 0.0001000 0.9837676 0.0001000
0.0092946 0.0099530 0.0001000 0.9805524 0.0001000
0.0232584 0.0001000 0.0001000 0.9764416 0.0001000
0.0113196 0.0056174 0.0001000 0.9828629 0.0001000
0.0075072 0.0023635 0.0001000 0.9899293 0.0001000
0.0078860 0.0001000 0.0001000 0.9918140 0.0001000
0.0000999 0.0000999 0.0000999 0.9981576 0.0015426
0.0001000 0.0001000 0.0001000 0.9967704 0.0029296
0.0001000 0.0002035 0.0001000 0.9994557 0.0001408
0.0001000 0.0001000 0.0001000 0.9978437 0.0018564
0.0001000 0.0001416 0.0001000 0.9995585 0.0001000
0.0000999 0.0000999 0.0000999 0.9985273 0.0011729
0.0000999 0.0000999 0.0000999 0.9977751 0.0019251
0.0000999 0.0013672 0.0000999 0.9983330 0.0000999
0.0000999 0.0000999 0.0000999 0.9980457 0.0016545
