0.8822491 0.1461783 0.1042891 0.1324007 0.1102328 0.1031101 0.1054443 0.1137631 0.1062533 0.1038307 0.1065379 0.1139119 0.1014565 0.1007678 0.0929999 0.0946311 -0.0198806 0.0070927 0.0093727 0.0039730 -0.0016540 0.0265843 0.0028348 0.0058927 0.0158159 0.0107582 0.0151469 -0.0000256 0.0043742 -0.0004172 0.0139475 -0.0022751 0.0126307 0.0170396 0.0002684 0.0163327 0.0084660 0.0098923 0.0167723 0.0106392 -0.0014701 -0.0085975 -0.0020754 -0.0010342 0.0149551 0.0043430 -0.0044674 -0.0121756 -0.0626354 -0.0152802 -0.0321482 -0.0413510 -0.0326362 -0.0195754 -0.0343389 -0.0349481 -0.0533101 -0.0421011 -0.0176895 -0.0326764 -0.0198132 -0.0344590 -0.0355195 -0.0106962 -0.0336649 -0.0156693 -0.0440775 -0.0121898 -0.0481648 0.0005727 -0.0426957 -0.0629285 -0.0541199 -0.0188559 -0.0375244 -0.0342509 -0.0397213 -0.0591448 -0.0396217 -0.1183805 -0.1260405 -0.0576827 -0.0485422 -0.0361882 -0.0824427 -0.0627426 -0.1547645 -0.0542256 -0.0830274 -0.0557369 -0.0562079 -0.0382457 -0.1083330 -0.0551323 -0.1418259
0.1461783 0.8823033 0.1056002 0.1419642 0.1114610 0.1100231 0.1111873 0.1153744 0.1088346 0.1071831 0.1120140 0.1144997 0.1089128 0.1047145 0.0946032 0.0997410 -0.0266629 0.0080940 0.0117517 0.0048929 -0.0096716 0.0215287 0.0029248 -0.0030955 0.0171346 0.0120916 0.0180379 0.0032766 0.0070638 0.0033677 0.0153730 0.0030430 0.0120668 0.0183078 0.0005016 0.0180232 0.0082827 0.0137350 0.0201098 0.0152624 0.0021061 -0.0069896 -0.0021230 0.0020656 0.0131087 0.0070079 -0.0095935 -0.0179374 -0.0667423 -0.0117383 -0.0345390 -0.0430047 -0.0353156 -0.0211666 -0.0339362 -0.0371581 -0.0574496 -0.0420906 -0.0165698 -0.0323399 -0.0215365 -0.0315032 -0.0325934 -0.0121365 -0.0305273 -0.0156649 -0.0404200 -0.0168094 -0.0498634 0.0015064 -0.0442437 -0.0649171 -0.0555373 -0.0221227 -0.0382600 -0.0287470 -0.0436209 -0.0641663 -0.0390458 -0.1265537 -0.1318656 -0.0581278 -0.0509932 -0.0403700 -0.0894236 -0.0624608 -0.1609998 -0.0523066 -0.0893739 -0.0646835 -0.0657252 -0.0391962 -0.1151930 -0.0539898 -0.1462540
0.1042891 0.1056002 0.8806371 0.1032554 0.1590248 0.1497601 0.1700936 0.1599729 0.1127621 0.1122890 0.1161883 0.1172698 0.1130903 0.1096624 0.1010912 0.1031948 -0.0210094 0.0028089 0.0130005 -0.0020246 -0.0068654 0.0211665 0.0004977 -0.0035017 0.0162281 0.0107999 0.0208825 0.0076716 0.0069368 0.0069141 0.0194712 0.0012981 0.0164314 0.0198590 0.0038935 0.0231787 0.0139214 0.0103480 0.0193830 0.0178377 0.0058821 -0.0038783 -0.0027773 -0.0004109 0.0180279 0.0120172 -0.0060615 -0.0175733 -0.0724591 -0.0183162 -0.0324041 -0.0457769 -0.0357367 -0.0222779 -0.0361653 -0.0373882 -0.0564817 -0.0460548 -0.0252414 -0.0366295 -0.0273851 -0.0421562 -0.0421789 -0.0186071 -0.0371387 -0.0203760 -0.0431177 -0.0170287 -0.0494970 -0.0018954 -0.0450626 -0.0648714 -0.0580883 -0.0211495 -0.0371440 -0.0351168 -0.0463992 -0.0684260 -0.0419500 -0.1335109 -0.1437905 -0.0597547 -0.0492593 -0.0422860 -0.0910935 -0.0632572 -0.1663616 -0.0648829 -0.0929434 -0.0657308 -0.0665646 -0.0423174 -0.1230589 -0.0566910 -0.1561657
0.1324007 0.1419642 0.1032554 0.8933954 0.1052581 0.1039654 0.1023685 0.1111066 0.1048301 0.0989323 0.1069317 0.1073475 0.0988327 0.1001152 0.0908627 0.0944870 -0.0251985 0.0020029 0.0092959 -0.0008586 -0.0117652 0.0193366 0.0004827 -0.0001428 0.0179911 0.0103717 0.0187642 0.0072873 0.0082525 0.0040727 0.0160588 0.0011854 0.0159094 0.0189242 0.0027316 0.0175479 0.0103390 0.0162516 0.0198505 0.0148493 0.0019261 -0.0048615 0.0055223 0.0028295 0.0181093 0.0075952 -0.0069487 -0.0096290 -0.0632892 -0.0111024 -0.0275297 -0.0435650 -0.0307946 -0.0205546 -0.0298552 -0.0365538 -0.0519225 -0.0380239 -0.0147475 -0.0286533 -0.0215576 -0.0330410 -0.0330139 -0.0088971 -0.0266350 -0.0174748 -0.0442631 -0.0079602 -0.0480578 0.0046199 -0.0431689 -0.0614685 -0.0555928 -0.0184606 -0.0348836 -0.0319236 -0.0418941 -0.0587226 -0.0374661 -0.1248677 -0.1309656 -0.0579551 -0.0443308 -0.0348538 -0.0870937 -0.0633934 -0.1611815 -0.0535962 -0.0867640 -0.0516426 -0.0509089 -0.0356845 -0.1149670 -0.0534715 -0.1434548
0.1102328 0.1114610 0.1590248 0.1052581 0.8981683 0.1697721 0.1736331 0.1711512 0.1175214 0.1149855 0.1197865 0.1227202 0.1154855 0.1141607 0.1006728 0.1069547 -0.0238740 0.0113283 0.0143828 0.0065107 -0.0028605 0.0289244 0.0076606 0.0031105 0.0188491 0.0095876 0.0200360 0.0022708 0.0049496 0.0020760 0.0174264 -0.0009095 0.0135870 0.0196426 -0.0025311 0.0207525 0.0082335 0.0113122 0.0217985 0.0132448 0.0076199 -0.0068160 -0.0049285 0.0009432 0.0176906 0.0059764 -0.0074275 -0.0197166 -0.0693004 -0.0160361 -0.0361123 -0.0439812 -0.0380902 -0.0227144 -0.0384068 -0.0401093 -0.0592847 -0.0471654 -0.0239022 -0.0429790 -0.0267917 -0.0377867 -0.0408391 -0.0172880 -0.0319910 -0.0187578 -0.0469717 -0.0198456 -0.0533681 0.0023497 -0.0488561 -0.0710723 -0.0629500 -0.0206520 -0.0380305 -0.0364446 -0.0489232 -0.0692242 -0.0429249 -0.1358755 -0.1475173 -0.0634447 -0.0547934 -0.0442210 -0.0923530 -0.0657128 -0.1675155 -0.0628481 -0.0925405 -0.0599501 -0.0608986 -0.0415146 -0.1227297 -0.0645049 -0.1537949
0.1031101 0.1100231 0.1497601 0.1039654 0.1697721 0.8855691 0.1648317 0.1627627 0.1149723 0.1122542 0.1165443 0.1218384 0.1111303 0.1111337 0.0997946 0.1063118 -0.0205578 0.0051163 0.0123438 0.0002553 -0.0063263 0.0207217 0.0025554 -0.0007586 0.0233777 0.0150605 0.0218777 0.0060456 0.0101554 0.0083115 0.0155768 0.0029648 0.0181173 0.0185021 -0.0022692 0.0196481 0.0055104 0.0076586 0.0142319 0.0145248 0.0081387 -0.0043037 -0.0012999 0.0003222 0.0176858 0.0090530 -0.0039332 -0.0263295 -0.0697138 -0.0201770 -0.0417516 -0.0406300 -0.0411610 -0.0193694 -0.0380756 -0.0356963 -0.0638869 -0.0473718 -0.0290588 -0.0405411 -0.0294393 -0.0448180 -0.0464846 -0.0154852 -0.0346389 -0.0130106 -0.0431026 -0.0249603 -0.0443528 0.0028644 -0.0463559 -0.0662478 -0.0600928 -0.0212175 -0.0387037 -0.0334572 -0.0449338 -0.0731087 -0.0413845 -0.1302782 -0.1424053 -0.0573006 -0.0475981 -0.0407421 -0.0896012 -0.0592973 -0.1635582 -0.0632750 -0.0901547 -0.0787646 -0.0794368 -0.0411721 -0.1178500 -0.0607671 -0.1512197
0.1054443 0.1111873 0.1700936 0.1023685 0.1736331 0.1648317 0.8785483 0.1781593 0.1161957 0.1151762 0.1193385 0.1238637 0.1131772 0.1157890 0.0981245 0.1075281 -0.0303421 0.0034126 0.0119695 0.0026708 -0.0104614 0.0196745 0.0002698 -0.0083893 0.0193394 0.0117815 0.0197824 0.0054447 0.0067019 0.0078059 0.0181892 0.0014268 0.0170516 0.0212738 0.0016880 0.0213596 0.0063404 0.0124835 0.0203484 0.0195877 0.0060361 -0.0085957 -0.0018058 0.0002457 0.0148600 0.0053857 -0.0077600 -0.0193531 -0.0704570 -0.0168134 -0.0376555 -0.0464088 -0.0395411 -0.0222256 -0.0400457 -0.0375902 -0.0585652 -0.0489009 -0.0298130 -0.0473923 -0.0337698 -0.0449417 -0.0474993 -0.0143208 -0.0301069 -0.0134486 -0.0419590 -0.0188471 -0.0494795 0.0043157 -0.0467723 -0.0704364 -0.0622475 -0.0224392 -0.0391280 -0.0348095 -0.0503645 -0.0686230 -0.0442353 -0.1361926 -0.1464101 -0.0617918 -0.0493573 -0.0459635 -0.0921773 -0.0649666 -0.1747910 -0.0656894 -0.0939291 -0.0616706 -0.0624710 -0.0421565 -0.1266044 -0.0643532 -0.1609009
0.1137631 0.1153744 0.1599729 0.1111066 0.1711512 0.1627627 0.1781593 0.8955991 0.1224750 0.1174860 0.1241526 0.1311792 0.1164874 0.1198881 0.1054750 0.1087167 -0.0234216 0.0054167 0.0177325 0.0033926 -0.0053635 0.0264682 0.0053574 -0.0048148 0.0194844 0.0135465 0.0186598 0.0038211 0.0053168 0.0032821 0.0166729 0.0013526 0.0170198 0.0202124 -0.0003602 0.0217903 0.0078835 0.0124568 0.0201479 0.0165557 0.0070366 -0.0091935 -0.0020587 0.0022648 0.0141675 0.0088777 -0.0088335 -0.0202628 -0.0712511 -0.0168954 -0.0413309 -0.0407972 -0.0417667 -0.0211481 -0.0375094 -0.0385560 -0.0623870 -0.0523981 -0.0344471 -0.0436330 -0.0351773 -0.0504749 -0.0525290 -0.0193941 -0.0347190 -0.0144596 -0.0458420 -0.0205597 -0.0481662 0.0019586 -0.0467525 -0.0686425 -0.0626687 -0.0197020 -0.0425111 -0.0359287 -0.0493263 -0.0719701 -0.0442698 -0.1355775 -0.1454758 -0.0646369 -0.0494795 -0.0449297 -0.0889964 -0.0662833 -0.1711139 -0.0609356 -0.0946002 -0.0653672 -0.0668849 -0.0416482 -0.1252609 -0.0600442 -0.1554889
0.1062533 0.1088346 0.1127621 0.1048301 0.1175214 0.1149723 0.1161957 0.1224750 0.9000864 0.1577652 0.1703312 0.1649980 0.1599496 0.1544836 0.1079467 0.1151272 -0.0199837 0.0104604 0.0162137 0.0100486 -0.0029743 0.0236800 0.0093267 0.0024189 0.0215539 0.0074444 0.0196349 0.0068100 0.0076751 0.0051978 0.0154163 0.0035420 0.0146263 0.0176351 -0.0029069 0.0191092 0.0076170 0.0092406 0.0149110 0.0127803 0.0060391 -0.0134098 -0.0071466 0.0074966 0.0201120 0.0087714 -0.0021361 -0.0253010 -0.0688686 -0.0195382 -0.0369787 -0.0483879 -0.0441759 -0.0204320 -0.0319417 -0.0358981 -0.0625859 -0.0447503 -0.0354926 -0.0405409 -0.0398534 -0.0528247 -0.0532937 -0.0192810 -0.0362719 -0.0112672 -0.0416023 -0.0243605 -0.0458307 0.0034196 -0.0434726 -0.0652691 -0.0542593 -0.0244975 -0.0432265 -0.0370071 -0.0545325 -0.0712266 -0.0430683 -0.1303149 -0.1345535 -0.0586286 -0.0544009 -0.0417729 -0.0915502 -0.0659659 -0.1592554 -0.0593564 -0.0928151 -0.0833417 -0.0831071 -0.0398774 -0.1217407 -0.0567710 -0.1531167
0.1038307 0.1071831 0.1122890 0.0989323 0.1149855 0.1122542 0.1151762 0.1174860 0.1577652 0.8943704 0.1557542 0.1604216 0.1713798 0.1541661 0.1008004 0.1087476 -0.0199340 0.0113394 0.0149593 0.0128360 -0.0006927 0.0258794 0.0103111 0.0062823 0.0161513 0.0080088 0.0152102 0.0056847 0.0050224 0.0004620 0.0107773 -0.0010315 0.0129669 0.0168523 -0.0012364 0.0186380 0.0029255 0.0077119 0.0172237 0.0139544 0.0018021 -0.0119969 -0.0057568 0.0064807 0.0168646 0.0037227 -0.0068117 -0.0214388 -0.0701037 -0.0165482 -0.0364713 -0.0413456 -0.0403706 -0.0178342 -0.0382390 -0.0344749 -0.0603861 -0.0470703 -0.0332444 -0.0411330 -0.0371004 -0.0504984 -0.0522939 -0.0201096 -0.0325280 -0.0151359 -0.0443949 -0.0209091 -0.0490698 -0.0026273 -0.0484943 -0.0650956 -0.0549274 -0.0242411 -0.0432532 -0.0368367 -0.0504511 -0.0680920 -0.0420654 -0.1255595 -0.1361209 -0.0607792 -0.0511505 -0.0414365 -0.0918985 -0.0628229 -0.1555454 -0.0620603 -0.0900131 -0.0712297 -0.0705310 -0.0406987 -0.1157435 -0.0601983 -0.1454713
0.1065379 0.1120140 0.1161883 0.1069317 0.1197865 0.1165443 0.1193385 0.1241526 0.1703312 0.1557542 0.9258777 0.1772212 0.1612783 0.1592298 0.1097201 0.1121783 -0.0134179 0.0185515 0.0283129 0.0183820 0.0072650 0.0354713 0.0176599 0.0098702 0.0136815 0.0037999 0.0129270 0.0024090 0.0046756 -0.0023457 0.0106234 -0.0075006 0.0096883 0.0163681 -0.0045205 0.0167774 0.0058736 0.0074094 0.0153613 0.0098544 0.0033841 -0.0134618 -0.0055783 0.0047456 0.0183140 0.0036707 -0.0100405 -0.0222230 -0.0668664 -0.0192847 -0.0331353 -0.0476552 -0.0390784 -0.0241512 -0.0378573 -0.0371098 -0.0631423 -0.0445204 -0.0321796 -0.0383721 -0.0416677 -0.0556540 -0.0567296 -0.0188258 -0.0370130 -0.0186508 -0.0468723 -0.0212306 -0.0544399 -0.0058257 -0.0507603 -0.0702534 -0.0570004 -0.0238049 -0.0408722 -0.0403070 -0.0530485 -0.0660867 -0.0452165 -0.1262828 -0.1360797 -0.0670795 -0.0511887 -0.0451370 -0.0951782 -0.0696691 -0.1538609 -0.0610686 -0.0930337 -0.0606737 -0.0602527 -0.0378417 -0.1182431 -0.0592127 -0.1466566
0.1139119 0.1144997 0.1172698 0.1073475 0.1227202 0.1218384 0.1238637 0.1311792 0.1649980 0.1604216 0.1772212 0.9138325 0.1670135 0.1622828 0.1056909 0.1180687 -0.0174033 0.0173796 0.0222088 0.0137975 0.0009308 0.0330409 0.0144762 0.0057280 0.0153607 0.0037595 0.0159980 0.0026320 0.0032292 -0.0014403 0.0107954 -0.0032741 0.0111982 0.0166967 0.0003785 0.0199904 0.0066751 0.0054091 0.0153713 0.0095635 0.0050907 -0.0134196 -0.0029694 0.0037470 0.0195705 0.0025886 -0.0061373 -0.0269443 -0.0730282 -0.0215407 -0.0384160 -0.0456864 -0.0407310 -0.0194057 -0.0378431 -0.0388543 -0.0638637 -0.0424761 -0.0374780 -0.0445326 -0.0465694 -0.0594463 -0.0604737 -0.0218305 -0.0363169 -0.0164031 -0.0426526 -0.0255245 -0.0502901 -0.0003866 -0.0453115 -0.0696487 -0.0578870 -0.0295702 -0.0475924 -0.0376358 -0.0541186 -0.0728713 -0.0437723 -0.1266597 -0.1367614 -0.0652101 -0.0522617 -0.0483268 -0.0967049 -0.0681403 -0.1540514 -0.0643129 -0.0927362 -0.0735411 -0.0737645 -0.0438170 -0.1161941 -0.0627578 -0.1509705
0.1014565 0.1089128 0.1130903 0.0988327 0.1154855 0.1111303 0.1131772 0.1164874 0.1599496 0.1713798 0.1612783 0.1670135 0.8960362 0.1615974 0.1042919 0.1095556 -0.0262284 0.0098955 0.0146188 0.0069574 -0.0055820 0.0247684 0.0074384 0.0003981 0.0167429 0.0081729 0.0216538 0.0055477 0.0077849 0.0032896 0.0144867 0.0012081 0.0169610 0.0182932 -0.0033663 0.0197585 0.0088026 0.0126414 0.0210244 0.0123866 0.0029687 -0.0111965 -0.0026347 0.0089873 0.0168067 0.0066049 -0.0028554 -0.0258086 -0.0712000 -0.0168867 -0.0399795 -0.0406180 -0.0373552 -0.0240314 -0.0342045 -0.0384076 -0.0619260 -0.0448630 -0.0282844 -0.0413595 -0.0318800 -0.0482450 -0.0489161 -0.0219167 -0.0322572 -0.0135112 -0.0455126 -0.0233590 -0.0491392 0.0007980 -0.0468416 -0.0654577 -0.0601688 -0.0225336 -0.0420516 -0.0338352 -0.0502320 -0.0687888 -0.0420161 -0.1332900 -0.1395702 -0.0631249 -0.0552829 -0.0408230 -0.0948286 -0.0668816 -0.1632437 -0.0627266 -0.0929140 -0.0770576 -0.0763980 -0.0413595 -0.1232694 -0.0583812 -0.1548112
0.1007678 0.1047145 0.1096624 0.1001152 0.1141607 0.1111337 0.1157890 0.1198881 0.1544836 0.1541661 0.1592298 0.1622828 0.1615974 0.9053573 0.1047977 0.1031407 -0.0166677 0.0138843 0.0213123 0.0094080 -0.0009442 0.0307623 0.0106038 0.0070047 0.0180379 0.0016559 0.0134139 0.0038209 0.0060308 -0.0017483 0.0085183 -0.0044600 0.0084185 0.0172026 -0.0023096 0.0174621 0.0077755 0.0077220 0.0152924 0.0143856 0.0021403 -0.0112695 -0.0020568 0.0048694 0.0154102 0.0050549 -0.0057917 -0.0185393 -0.0682868 -0.0184964 -0.0365219 -0.0441106 -0.0396443 -0.0242717 -0.0358197 -0.0345405 -0.0630003 -0.0450286 -0.0304817 -0.0407049 -0.0369692 -0.0518727 -0.0524536 -0.0170737 -0.0331709 -0.0182339 -0.0458440 -0.0175558 -0.0491935 -0.0031940 -0.0490972 -0.0696192 -0.0571258 -0.0225918 -0.0403297 -0.0340570 -0.0480886 -0.0660383 -0.0429677 -0.1283778 -0.1352494 -0.0665064 -0.0525275 -0.0437044 -0.0945516 -0.0662203 -0.1568870 -0.0623889 -0.0920947 -0.0631478 -0.0629359 -0.0378301 -0.1188226 -0.0525014 -0.1489815
0.0929999 0.0946032 0.1010912 0.0908627 0.1006728 0.0997946 0.0981245 0.1054750 0.1079467 0.1008004 0.1097201 0.1056909 0.1042919 0.1047977 0.8786241 0.0964688 -0.0217365 0.0017175 0.0074685 -0.0055253 -0.0102551 0.0199376 -0.0016299 -0.0049727 0.0187177 0.0131007 0.0230570 0.0082454 0.0112007 0.0092106 0.0199882 0.0036731 0.0172122 0.0176811 0.0071573 0.0186857 0.0097833 0.0162005 0.0184990 0.0173114 0.0056184 -0.0030203 0.0009396 0.0058222 0.0155836 0.0141486 -0.0061426 -0.0149804 -0.0633564 -0.0147655 -0.0291546 -0.0380395 -0.0344283 -0.0131712 -0.0252553 -0.0353497 -0.0497267 -0.0326370 -0.0173294 -0.0305687 -0.0218702 -0.0342340 -0.0370835 -0.0177225 -0.0283352 -0.0128429 -0.0356176 -0.0141980 -0.0417431 0.0030652 -0.0373475 -0.0543700 -0.0490125 -0.0215105 -0.0354066 -0.0304881 -0.0431393 -0.0627121 -0.0363489 -0.1159900 -0.1243207 -0.0473942 -0.0375423 -0.0330362 -0.0787814 -0.0560219 -0.1516992 -0.0515577 -0.0819926 -0.0703533 -0.0705192 -0.0381454 -0.1073961 -0.0517249 -0.1394808
0.0946311 0.0997410 0.1031948 0.0944870 0.1069547 0.1063118 0.1075281 0.1087167 0.1151272 0.1087476 0.1121783 0.1180687 0.1095556 0.1031407 0.0964688 0.8838247 -0.0269103 0.0016647 0.0060885 -0.0011834 -0.0102727 0.0150803 -0.0019129 -0.0038119 0.0239180 0.0186681 0.0249702 0.0103172 0.0147417 0.0108857 0.0223153 0.0129278 0.0251923 0.0168355 0.0073905 0.0250087 0.0100986 0.0155822 0.0198955 0.0155926 0.0108256 0.0003564 0.0044555 0.0026433 0.0151673 0.0167875 0.0010622 -0.0234227 -0.0643421 -0.0175933 -0.0322905 -0.0378713 -0.0377906 -0.0126131 -0.0286509 -0.0381537 -0.0540207 -0.0353563 -0.0218760 -0.0302053 -0.0208711 -0.0363714 -0.0378533 -0.0176782 -0.0287079 -0.0074594 -0.0353170 -0.0216579 -0.0426832 0.0040804 -0.0345970 -0.0564346 -0.0495452 -0.0174418 -0.0377247 -0.0226950 -0.0410840 -0.0677957 -0.0366345 -0.1185277 -0.1272974 -0.0468407 -0.0442503 -0.0369448 -0.0793493 -0.0569715 -0.1565537 -0.0542149 -0.0852439 -0.0862609 -0.0869703 -0.0372145 -0.0914859 -0.0549221 -0.1461881
-0.0198806 -0.0266629 -0.0210094 -0.0251985 -0.0238740 -0.0205578 -0.0303421 -0.0234216 -0.0199837 -0.0199340 -0.0134179 -0.0174033 -0.0262284 -0.0166677 -0.0217365 -0.0269103 1.1880798 0.1304476 0.1347715 0.1662244 0.1858542 0.1195934 0.1576853 0.1633705 -0.0725929 -0.0656673 -0.0678983 -0.0518999 -0.0753843 -0.0852372 -0.0964010 -0.0767763 -0.0907338 -0.0604225 -0.0491244 -0.0815215 -0.0630517 -0.0761439 -0.0747904 -0.0759997 -0.0076006 -0.0244128 -0.0908039 -0.0436850 -0.0421371 -0.0439583 -0.0309526 -0.1149581 0.0583733 -0.0402836 -0.0058083 0.0326264 -0.0408497 -0.0026910 -0.0175897 -0.0021812 0.0169572 -0.0033557 -0.0708198 -0.0028035 -0.0494729 -0.0476108 -0.0445601 -0.0635195 -0.0659229 -0.0519122 -0.0460718 -0.1123525 -0.0479849 -0.0698733 -0.0290841 0.0402968 0.0228956 -0.0046065 -0.0074263 -0.0056977 0.0223587 0.0114459 0.0146633 0.1357892 0.1429037 0.0088265 0.0099126 -0.0129360 0.0533998 0.0149926 0.2352643 0.0076361 0.0613657 -0.0905086 -0.0903957 -0.0425838 0.1621593 0.0100096 0.1816008
0.0070927 0.0080940 0.0028089 0.0020029 0.0113283 0.0051163 0.0034126 0.0054167 0.0104604 0.0113394 0.0185515 0.0173796 0.0098955 0.0138843 0.0017175 0.0016647 0.1304476 1.1057910 0.1332759 0.1498434 0.1479018 0.1277026 0.1457405 0.1312651 -0.0614897 -0.0656181 -0.0593206 -0.0586971 -0.0628737 -0.0817278 -0.0831405 -0.0742467 -0.0727450 -0.0445319 -0.0574236 -0.0735563 -0.0567146 -0.0658106 -0.0615441 -0.0677764 -0.0187412 -0.0495061 -0.0661317 -0.0337922 -0.0272037 -0.0550179 -0.0460611 -0.0784005 0.0237102 -0.0328692 -0.0028191 -0.0119045 -0.0280112 -0.0144830 -0.0475620 -0.0124694 -0.0085589 -0.0063334 -0.0587698 -0.0143358 -0.0551553 -0.0523500 -0.0512117 -0.0486572 -0.0539180 -0.0618512 -0.0525913 -0.0778227 -0.0679665 -0.0624738 -0.0471172 0.0089432 -0.0007256 -0.0107678 -0.0142401 -0.0030698 -0.0023507 0.0175296 0.0077329 0.0806989 0.0789528 -0.0180387 -0.0068913 -0.0223317 0.0210840 0.0075804 0.1604593 -0.0121562 0.0301945 -0.0219970 -0.0211941 -0.0231596 0.1143413 -0.0261914 0.1306409
0.0093727 0.0117517 0.0130005 0.0092959 0.0143828 0.0123438 0.0119695 0.0177325 0.0162137 0.0149593 0.0283129 0.0222088 0.0146188 0.0213123 0.0074685 0.0060885 0.1347715 0.1332759 1.1165320 0.1500983 0.1622693 0.1349567 0.1437217 0.1365771 -0.0636907 -0.0577492 -0.0538852 -0.0594616 -0.0677559 -0.0849677 -0.0820676 -0.0776913 -0.0731269 -0.0430868 -0.0617167 -0.0653375 -0.0610530 -0.0669904 -0.0625114 -0.0586878 -0.0243658 -0.0490688 -0.0726095 -0.0382425 -0.0155890 -0.0536850 -0.0520439 -0.0720050 0.0311754 -0.0255809 -0.0028685 -0.0126212 -0.0166616 -0.0185327 -0.0404940 -0.0017157 -0.0182032 -0.0146656 -0.0593635 -0.0101562 -0.0542701 -0.0469091 -0.0446193 -0.0414130 -0.0574553 -0.0638940 -0.0555676 -0.0709619 -0.0781424 -0.0619015 -0.0590452 -0.0119172 -0.0059752 -0.0085778 -0.0183756 -0.0156282 -0.0013375 0.0069557 -0.0029701 0.0797547 0.0827153 -0.0348979 -0.0085052 -0.0362698 0.0090617 -0.0032502 0.1517790 -0.0123668 0.0058809 -0.0127344 -0.0131933 -0.0279716 0.1051705 -0.0284859 0.1140680
0.0039730 0.0048929 -0.0020246 -0.0008586 0.0065107 0.0002553 0.0026708 0.0033926 0.0100486 0.0128360 0.0183820 0.0137975 0.0069574 0.0094080 -0.0055253 -0.0011834 0.1662244 0.1498434 0.1500983 1.1986754 0.1710619 0.1751190 0.1997585 0.1574000 -0.0853436 -0.0725937 -0.0760716 -0.0760014 -0.0883637 -0.1057218 -0.1090778 -0.1012169 -0.0873914 -0.0494806 -0.0699943 -0.0843922 -0.0608934 -0.0786016 -0.0709585 -0.0788064 -0.0417385 -0.0629757 -0.0862875 -0.0494697 -0.0343052 -0.0766492 -0.0704452 -0.0583460 0.0398013 -0.0200753 0.0143379 -0.0009088 0.0081115 -0.0307463 -0.0488849 -0.0259360 -0.0088355 -0.0001576 -0.0427415 -0.0017018 -0.0357757 -0.0233095 -0.0213121 -0.0551644 -0.0540579 -0.0903192 -0.0716502 -0.0595103 -0.1031913 -0.0721513 -0.0713506 -0.0192395 -0.0049638 0.0075724 -0.0012534 -0.0303408 -0.0043402 0.0243412 0.0003595 0.0914807 0.0684992 -0.0453246 -0.0453773 -0.0228714 -0.0085280 -0.0073459 0.1898261 -0.0011333 0.0419271 0.0430893 0.0451024 -0.0266873 0.1303404 -0.0625469 0.1555761
-0.0016540 -0.0096716 -0.0068654 -0.0117652 -0.0028605 -0.0063263 -0.0104614 -0.0053635 -0.0029743 -0.0006927 0.0072650 0.0009308 -0.0055820 -0.0009442 -0.0102551 -0.0102727 0.1858542 0.1479018 0.1622693 0.1710619 1.2179178 0.1612448 0.1834105 0.1737805 -0.0823724 -0.0693484 -0.0650980 -0.0714992 -0.0842814 -0.1051796 -0.0980800 -0.0925011 -0.0965457 -0.0591864 -0.0696038 -0.0892749 -0.0812885 -0.0814521 -0.0780593 -0.0782576 -0.0199087 -0.0518312 -0.0921956 -0.0478074 -0.0364474 -0.0629396 -0.0543427 -0.1073104 0.0537798 -0.0271018 -0.0079607 0.0233730 -0.0165007 -0.0272716 -0.0481727 -0.0093198 -0.0031244 -0.0171158 -0.0727671 -0.0113692 -0.0594638 -0.0424523 -0.0423061 -0.0533632 -0.0665778 -0.0741499 -0.0587031 -0.1088411 -0.0746095 -0.0721212 -0.0446918 0.0186895 0.0087125 -0.0055616 -0.0068971 -0.0261750 0.0113989 0.0356171 0.0003619 0.1203925 0.1234612 -0.0181878 -0.0135370 -0.0153322 0.0290966 -0.0004943 0.2334869 0.0033987 0.0586818 -0.0350929 -0.0351269 -0.0204530 0.1610411 -0.0050514 0.1748397
0.0265843 0.0215287 0.0211665 0.0193366 0.0289244 0.0207217 0.0196745 0.0264682 0.0236800 0.0258794 0.0354713 0.0330409 0.0247684 0.0307623 0.0199376 0.0150803 0.1195934 0.1277026 0.1349567 0.1751190 0.1612448 1.1455441 0.1699850 0.1589154 -0.0841413 -0.0592088 -0.0661487 -0.0621660 -0.0796527 -0.0994827 -0.0954115 -0.0917558 -0.0775483 -0.0409146 -0.0632832 -0.0746185 -0.0641449 -0.0635818 -0.0664677 -0.0635584 -0.0340338 -0.0615988 -0.0728538 -0.0446421 -0.0284497 -0.0697254 -0.0651708 -0.0563963 0.0220821 -0.0277393 0.0129583 -0.0104194 0.0090820 -0.0367114 -0.0547278 -0.0271221 -0.0229857 -0.0058452 -0.0244917 -0.0044160 -0.0279381 -0.0028970 -0.0010444 -0.0461159 -0.0680145 -0.0949827 -0.0848927 -0.0562900 -0.1085999 -0.0683765 -0.0862584 -0.0284298 -0.0156339 -0.0062973 -0.0128317 -0.0270614 -0.0032001 0.0309208 0.0189105 0.0573510 0.0418655 -0.0542518 -0.0472493 -0.0218083 -0.0210999 -0.0141751 0.1348961 -0.0148060 0.0098219 0.0402290 0.0429066 -0.0339117 0.0916204 -0.0580641 0.1105676
0.0028348 0.0029248 0.0004977 0.0004827 0.0076606 0.0025554 0.0002698 0.0053574 0.0093267 0.0103111 0.0176599 0.0144762 0.0074384 0.0106038 -0.0016299 -0.0019129 0.1576853 0.1457405 0.1437217 0.1997585 0.1834105 0.1699850 1.1749457 0.1669375 -0.0810910 -0.0718693 -0.0736371 -0.0733738 -0.0829658 -0.1018580 -0.0957906 -0.0888929 -0.0863092 -0.0527227 -0.0672896 -0.0880600 -0.0741960 -0.0794512 -0.0768011 -0.0765050 -0.0219315 -0.0504474 -0.0851291 -0.0450206 -0.0379892 -0.0630195 -0.0606593 -0.0829391 0.0301459 -0.0256645 0.0097383 0.0080103 -0.0107924 -0.0246543 -0.0492594 -0.0150007 -0.0148597 0.0078438 -0.0415094 -0.0008954 -0.0404951 -0.0205891 -0.0173328 -0.0635446 -0.0703918 -0.0791558 -0.0742010 -0.0834882 -0.0921782 -0.0723555 -0.0707430 -0.0003571 -0.0073929 0.0039229 -0.0123570 -0.0236465 0.0077945 0.0171708 0.0115802 0.1061670 0.0887664 -0.0269599 -0.0274047 -0.0128504 0.0135236 0.0012795 0.1915340 0.0082332 0.0434091 -0.0131173 -0.0126659 -0.0345657 0.1347207 -0.0358515 0.1603060
0.0058927 -0.0030955 -0.0035017 -0.0001428 0.0031105 -0.0007586 -0.0083893 -0.0048148 0.0024189 0.0062823 0.0098702 0.0057280 0.0003981 0.0070047 -0.0049727 -0.0038119 0.1633705 0.1312651 0.1365771 0.1574000 0.1737805 0.1589154 0.1669375 1.1444703 -0.0728579 -0.0537355 -0.0683360 -0.0585167 -0.0750923 -0.0928328 -0.0925561 -0.0768447 -0.0826619 -0.0486724 -0.0670112 -0.0759578 -0.0608923 -0.0667277 -0.0643693 -0.0712096 -0.0198616 -0.0472611 -0.0801351 -0.0437183 -0.0282020 -0.0557636 -0.0474001 -0.0839434 0.0247464 -0.0287388 0.0097044 0.0119761 -0.0149943 -0.0241655 -0.0331241 -0.0187372 -0.0054248 -0.0041816 -0.0432819 -0.0148881 -0.0291628 -0.0150570 -0.0136471 -0.0585503 -0.0644038 -0.0825786 -0.0665891 -0.0838062 -0.0782819 -0.0609337 -0.0560018 0.0077810 0.0038955 -0.0087680 -0.0098849 -0.0115661 0.0134369 0.0258761 -0.0004531 0.0868278 0.0726055 -0.0307076 -0.0225066 -0.0218173 0.0169362 -0.0067501 0.1769919 -0.0114087 0.0235648 -0.0035312 -0.0034196 -0.0353744 0.1195668 -0.0311004 0.1377322
0.0158159 0.0171346 0.0162281 0.0179911 0.0188491 0.0233777 0.0193394 0.0194844 0.0215539 0.0161513 0.0136815 0.0153607 0.0167429 0.0180379 0.0187177 0.0239180 -0.0725929 -0.0614897 -0.0636907 -0.0853436 -0.0823724 -0.0841413 -0.0810910 -0.0728579 0.8535014 0.0353908 0.0448459 0.0605508 0.0756094 0.0946873 0.0936147 0.0745791 0.0423484 0.0250794 0.0295578 0.0466465 0.0322016 0.0315039 0.0262693 0.0395566 0.0131057 0.0197441 0.0311077 0.0197632 0.0191561 0.0369253 0.0223001 -0.0015156 -0.0451312 -0.0123321 -0.0335840 -0.0088151 -0.0341730 0.0075242 -0.0006958 -0.0027725 -0.0201818 -0.0200686 -0.0115763 -0.0161411 -0.0242852 -0.0412263 -0.0423205 0.0075478 0.0087078 0.0428501 0.0241197 0.0006563 0.0409076 0.0341154 0.0232030 -0.0104029 -0.0239914 -0.0141027 -0.0197877 0.0012496 -0.0234455 -0.0448632 -0.0305334 -0.0753720 -0.0855532 0.0029061 0.0054865 -0.0032426 -0.0331523 -0.0227707 -0.1339161 -0.0195283 -0.0458219 -0.0845499 -0.0863821 -0.0040161 -0.0972931 0.0038076 -0.1249740
0.0107582 0.0120916 0.0107999 0.0103717 0.0095876 0.0150605 0.0117815 0.0135465 0.0074444 0.0080088 0.0037999 0.0037595 0.0081729 0.0016559 0.0131007 0.0186681 -0.0656673 -0.0656181 -0.0577492 -0.0725937 -0.0693484 -0.0592088 -0.0718693 -0.0537355 0.0353908 0.8687108 0.0752868 0.0290607 0.0478302 0.0388953 0.0457334 0.0421350 0.0379260 0.0209606 0.0188329 0.0412441 0.0236936 0.0240951 0.0270809 0.0341978 0.0116136 0.0260924 0.0195591 0.0039617 0.0064643 0.0342589 0.0215703 0.0021093 -0.0427851 -0.0009327 -0.0143255 -0.0127901 -0.0068448 0.0100315 0.0120833 -0.0219112 -0.0114298 -0.0089634 0.0253878 0.0004924 0.0401353 0.0282258 0.0271607 0.0037831 0.0017704 0.0151335 -0.0030820 0.0021646 0.0050496 0.0222072 -0.0011218 -0.0184458 -0.0150344 -0.0033272 -0.0017064 -0.0014628 -0.0085516 -0.0418033 -0.0136525 -0.0699805 -0.0761274 0.0077246 -0.0123027 0.0061463 -0.0324758 -0.0091067 -0.1353536 -0.0171366 -0.0524720 -0.0704292 -0.0709962 -0.0083493 -0.0836496 -0.0148132 -0.1070985
0.0151469 0.0180379 0.0208825 0.0187642 0.0200360 0.0218777 0.0197824 0.0186598 0.0196349 0.0152102 0.0129270 0.0159980 0.0216538 0.0134139 0.0230570 0.0249702 -0.0678983 -0.0593206 -0.0538852 -0.0760716 -0.0650980 -0.0661487 -0.0736371 -0.0683360 0.0448459 0.0752868 0.8606370 0.0378136 0.0436964 0.0527583 0.0479129 0.0529037 0.0346232 0.0216481 0.0221811 0.0357006 0.0312646 0.0247954 0.0260469 0.0356440 0.0137937 0.0227365 0.0245793 0.0139638 0.0115558 0.0300064 0.0237988 -0.0000857 -0.0472098 -0.0065141 -0.0303519 -0.0082260 -0.0227734 0.0008517 0.0022626 -0.0196088 -0.0179973 -0.0099793 0.0075357 0.0001491 0.0108389 -0.0009306 -0.0023642 0.0117896 0.0089375 0.0198616 0.0095095 -0.0004995 0.0176397 0.0294976 0.0151906 -0.0156379 -0.0274308 -0.0077678 -0.0078272 0.0004384 -0.0182946 -0.0455770 -0.0204673 -0.0847616 -0.0856507 0.0063582 -0.0065879 -0.0030390 -0.0282771 -0.0174453 -0.1297839 -0.0232231 -0.0494270 -0.0825051 -0.0843384 -0.0099939 -0.0886352 -0.0035575 -0.1120237
-0.0000256 0.0032766 0.0076716 0.0072873 0.0022708 0.0060456 0.0054447 0.0038211 0.0068100 0.0056847 0.0024090 0.0026320 0.0055477 0.0038209 0.0082454 0.0103172 -0.0518999 -0.0586971 -0.0594616 -0.0760014 -0.0714992 -0.0621660 -0.0733738 -0.0585167 0.0605508 0.0290607 0.0378136 0.8778719 0.0782465 0.0601057 0.0538733 0.0741033 0.0229457 0.0180001 0.0182503 0.0388818 0.0301259 0.0238023 0.0240670 0.0183007 0.0262177 0.0312218 0.0248624 0.0098668 0.0078083 0.0436313 0.0393839 -0.0001661 -0.0469290 -0.0138710 -0.0124704 -0.0024337 -0.0141299 0.0197443 0.0066411 -0.0233980 -0.0063440 -0.0124881 0.0169287 -0.0066982 0.0222533 0.0149121 0.0144978 0.0035079 0.0006550 0.0208370 -0.0001348 0.0008889 0.0191026 0.0279751 0.0071431 -0.0012302 -0.0059167 -0.0113735 -0.0088698 0.0050884 -0.0113570 -0.0456334 -0.0221448 -0.0692348 -0.0674763 0.0100583 -0.0020580 0.0011396 -0.0299770 -0.0120957 -0.1114922 -0.0179741 -0.0569063 -0.0947539 -0.0957605 -0.0207396 -0.0850489 -0.0061508 -0.1034232
0.0043742 0.0070638 0.0069368 0.0082525 0.0049496 0.0101554 0.0067019 0.0053168 0.0076751 0.0050224 0.0046756 0.0032292 0.0077849 0.0060308 0.0112007 0.0147417 -0.0753843 -0.0628737 -0.0677559 -0.0883637 -0.0842814 -0.0796527 -0.0829658 -0.0750923 0.0756094 0.0478302 0.0436964 0.0782465 0.8747684 0.0733300 0.0637333 0.0848809 0.0317201 0.0235325 0.0232506 0.0383389 0.0273364 0.0306825 0.0293862 0.0286440 0.0167138 0.0164380 0.0260376 0.0115553 0.0076532 0.0339599 0.0222285 0.0055991 -0.0293304 -0.0100255 -0.0175466 -0.0215924 -0.0131382 0.0144806 0.0060581 -0.0161122 -0.0107001 -0.0047097 0.0146272 -0.0059805 0.0227069 0.0105179 0.0097950 0.0138851 0.0058582 0.0303950 0.0109236 0.0043016 0.0204742 0.0312239 0.0138451 -0.0078221 -0.0172503 -0.0077586 -0.0092806 0.0011198 -0.0139915 -0.0438581 -0.0162530 -0.0740816 -0.0740338 0.0110937 -0.0082475 0.0024772 -0.0331929 -0.0226067 -0.1304679 -0.0256835 -0.0482263 -0.0747907 -0.0752673 -0.0124408 -0.0931680 -0.0056686 -0.1120364
-0.0004172 0.0033677 0.0069141 0.0040727 0.0020760 0.0083115 0.0078059 0.0032821 0.0051978 0.0004620 -0.0023457 -0.0014403 0.0032896 -0.0017483 0.0092106 0.0108857 -0.0852372 -0.0817278 -0.0849677 -0.1057218 -0.1051796 -0.0994827 -0.1018580 -0.0928328 0.0946873 0.0388953 0.0527583 0.0601057 0.0733300 0.8729366 0.0954220 0.0769364 0.0345424 0.0283595 0.0317310 0.0461240 0.0374997 0.0466510 0.0296220 0.0425760 0.0146518 0.0285073 0.0418841 0.0221298 0.0185991 0.0399152 0.0327274 0.0234270 -0.0416238 -0.0094030 -0.0288247 -0.0066963 -0.0177977 0.0120355 0.0197123 -0.0110572 -0.0171092 -0.0122872 0.0014232 -0.0123972 0.0059412 -0.0099978 -0.0099920 0.0201100 0.0123430 0.0427540 0.0266218 0.0240837 0.0470031 0.0444721 0.0288193 -0.0092528 -0.0116640 -0.0153325 -0.0194634 0.0140068 -0.0233935 -0.0431101 -0.0212765 -0.0806975 -0.0804042 0.0171399 0.0061495 -0.0015520 -0.0238700 -0.0107547 -0.1455087 -0.0170941 -0.0494173 -0.0732127 -0.0739720 -0.0030079 -0.0985440 0.0061060 -0.1254189
0.0139475 0.0153730 0.0194712 0.0160588 0.0174264 0.0155768 0.0181892 0.0166729 0.0154163 0.0107773 0.0106234 0.0107954 0.0144867 0.0085183 0.0199882 0.0223153 -0.0964010 -0.0831405 -0.0820676 -0.1090778 -0.0980800 -0.0954115 -0.0957906 -0.0925561 0.0936147 0.0457334 0.0479129 0.0538733 0.0637333 0.0954220 0.8605396 0.0722761 0.0448304 0.0318217 0.0312600 0.0528036 0.0414259 0.0454867 0.0395146 0.0442010 0.0189496 0.0241857 0.0432158 0.0200365 0.0186289 0.0474305 0.0290958 0.0221078 -0.0552299 0.0000880 -0.0262892 -0.0036145 -0.0174677 0.0104463 0.0163370 -0.0085101 -0.0250500 -0.0179266 0.0141451 -0.0139171 -0.0013999 -0.0177331 -0.0179563 0.0101524 0.0155376 0.0402095 0.0218188 0.0225227 0.0385785 0.0493765 0.0206572 -0.0203807 -0.0194094 -0.0076033 -0.0100865 -0.0013949 -0.0241084 -0.0492840 -0.0266242 -0.0924875 -0.0989956 0.0037669 -0.0017420 0.0007829 -0.0384541 -0.0214113 -0.1587300 -0.0209092 -0.0565340 -0.0674750 -0.0684333 -0.0034842 -0.1176447 0.0104593 -0.1417953
-0.0022751 0.0030430 0.0012981 0.0011854 -0.0009095 0.0029648 0.0014268 0.0013526 0.0035420 -0.0010315 -0.0075006 -0.0032741 0.0012081 -0.0044600 0.0036731 0.0129278 -0.0767763 -0.0742467 -0.0776913 -0.1012169 -0.0925011 -0.0917558 -0.0888929 -0.0768447 0.0745791 0.0421350 0.0529037 0.0741033 0.0848809 0.0769364 0.0722761 0.8813207 0.0400888 0.0199072 0.0223002 0.0490150 0.0341254 0.0294550 0.0327654 0.0288758 0.0180374 0.0331857 0.0245184 0.0148334 0.0096621 0.0478332 0.0366854 -0.0084553 -0.0427199 -0.0084276 -0.0296377 0.0060288 -0.0302350 0.0240869 0.0174755 -0.0074760 -0.0112400 -0.0030261 0.0016816 0.0021539 0.0135956 0.0070252 0.0060318 0.0011472 0.0015912 0.0387345 0.0307856 -0.0071770 0.0426288 0.0368631 0.0379515 0.0062335 -0.0098129 -0.0146664 -0.0148622 0.0184063 -0.0059166 -0.0475814 -0.0216739 -0.0628055 -0.0633155 0.0240201 -0.0001162 0.0033200 -0.0188494 -0.0102218 -0.1139166 -0.0229179 -0.0410504 -0.1267762 -0.1281185 -0.0130475 -0.0762788 0.0193245 -0.1075759
0.0126307 0.0120668 0.0164314 0.0159094 0.0135870 0.0181173 0.0170516 0.0170198 0.0146263 0.0129669 0.0096883 0.0111982 0.0169610 0.0084185 0.0172122 0.0251923 -0.0907338 -0.0727450 -0.0731269 -0.0873914 -0.0965457 -0.0775483 -0.0863092 -0.0826619 0.0423484 0.0379260 0.0346232 0.0229457 0.0317201 0.0345424 0.0448304 0.0400888 0.8546254 0.0290225 0.0326625 0.0532803 0.0306325 0.0460782 0.0452222 0.0476644 0.0094584 0.0241324 0.0389216 0.0178303 0.0169401 0.0257229 0.0178256 0.0321811 -0.0463965 0.0106617 -0.0147009 -0.0192376 -0.0072170 0.0037264 0.0081785 -0.0125874 -0.0160691 -0.0130308 0.0284953 -0.0103739 0.0214129 0.0130333 0.0120328 0.0177647 0.0160720 0.0257263 0.0128293 0.0310304 0.0173346 0.0321380 0.0059577 -0.0235095 -0.0253823 -0.0022255 -0.0071530 -0.0025544 -0.0176639 -0.0373136 -0.0208302 -0.0860739 -0.0901654 -0.0037556 -0.0114132 -0.0028407 -0.0392138 -0.0136366 -0.1552346 -0.0147984 -0.0503107 -0.0375093 -0.0378202 -0.0062281 -0.1120226 -0.0166851 -0.1173899
0.0170396 0.0183078 0.0198590 0.0189242 0.0196426 0.0185021 0.0212738 0.0202124 0.0176351 0.0168523 0.0163681 0.0166967 0.0182932 0.0172026 0.0176811 0.0168355 -0.0604225 -0.0445319 -0.0430868 -0.0494806 -0.0591864 -0.0409146 -0.0527227 -0.0486724 0.0250794 0.0209606 0.0216481 0.0180001 0.0235325 0.0283595 0.0318217 0.0199072 0.0290225 0.9510464 0.0184456 0.0273498 0.0225937 0.0273030 0.0260592 0.0258912 0.0023834 0.0066318 0.0293754 0.0130156 0.0132413 0.0142928 0.0101897 0.0394779 -0.0246806 0.0089853 -0.0035378 -0.0166869 0.0052222 -0.0014028 0.0045198 -0.0039368 -0.0107392 -0.0072010 0.0143884 -0.0078985 0.0071417 0.0001988 -0.0005223 0.0199633 0.0206803 0.0166440 0.0085310 0.0397396 0.0123392 0.0223517 0.0037392 -0.0238347 -0.0135468 -0.0027479 -0.0038592 -0.0076721 -0.0181988 -0.0154503 -0.0112039 -0.0628338 -0.0677694 -0.0125477 -0.0072529 -0.0030785 -0.0269774 -0.0169660 -0.1047197 -0.0095910 -0.0298599 0.0307070 0.0302855 0.0048604 -0.0733748 -0.0079861 -0.0810977
0.0002684 0.0005016 0.0038935 0.0027316 -0.0025311 -0.0022692 0.0016880 -0.0003602 -0.0029069 -0.0012364 -0.0045205 0.0003785 -0.0033663 -0.0023096 0.0071573 0.0073905 -0.0491244 -0.0574236 -0.0617167 -0.0699943 -0.0696038 -0.0632832 -0.0672896 -0.0670112 0.0295578 0.0188329 0.0221811 0.0182503 0.0232506 0.0317310 0.0312600 0.0223002 0.0326625 0.0184456 0.8824160 0.0341757 0.0276771 0.0263336 0.0165365 0.0261833 0.0018785 0.0108099 0.0270009 0.0003910 0.0061984 0.0161868 0.0120600 0.0130270 -0.0251540 -0.0018381 -0.0092069 -0.0110564 -0.0083641 0.0077389 0.0068518 -0.0072036 0.0008263 -0.0001586 0.0090036 -0.0015357 0.0022846 -0.0072303 -0.0088402 0.0112545 0.0093091 0.0270943 0.0129101 0.0132185 0.0195554 0.0275691 0.0168811 -0.0055968 -0.0130491 -0.0059514 -0.0074350 0.0002018 -0.0046542 -0.0209631 -0.0051002 -0.0536577 -0.0530576 0.0065623 0.0106262 0.0067720 -0.0137063 -0.0099924 -0.0935914 -0.0125488 -0.0206164 -0.0379171 -0.0380583 0.0018224 -0.0698880 0.0070591 -0.0753942
0.0163327 0.0180232 0.0231787 0.0175479 0.0207525 0.0196481 0.0213596 0.0217903 0.0191092 0.0186380 0.0167774 0.0199904 0.0197585 0.0174621 0.0186857 0.0250087 -0.0815215 -0.0735563 -0.0653375 -0.0843922 -0.0892749 -0.0746185 -0.0880600 -0.0759578 0.0466465 0.0412441 0.0357006 0.0388818 0.0383389 0.0461240 0.0528036 0.0490150 0.0532803 0.0273498 0.0341757 0.8614942 0.0426200 0.0388641 0.0430490 0.0421893 0.0149832 0.0251954 0.0366350 0.0151755 0.0141244 0.0354336 0.0275155 0.0121930 -0.0443289 0.0018244 -0.0182246 -0.0161616 -0.0090338 0.0063133 0.0043782 -0.0043509 -0.0191020 -0.0156405 0.0265346 -0.0083097 0.0228784 0.0153211 0.0142815 0.0110680 0.0162793 0.0321237 0.0096282 0.0153053 0.0184135 0.0390831 0.0092705 -0.0157773 -0.0199074 -0.0089506 -0.0068881 0.0005438 -0.0170582 -0.0431803 -0.0226319 -0.0976673 -0.0972993 0.0029782 -0.0061976 -0.0036653 -0.0379889 -0.0250503 -0.1518800 -0.0204259 -0.0601929 -0.0672109 -0.0685200 -0.0112059 -0.1111815 -0.0114451 -0.1336765
0.0084660 0.0082827 0.0139214 0.0103390 0.0082335 0.0055104 0.0063404 0.0078835 0.0076170 0.0029255 0.0058736 0.0066751 0.0088026 0.0077755 0.0097833 0.0100986 -0.0630517 -0.0567146 -0.0610530 -0.0608934 -0.0812885 -0.0641449 -0.0741960 -0.0608923 0.0322016 0.0236936 0.0312646 0.0301259 0.0273364 0.0374997 0.0414259 0.0341254 0.0306325 0.0225937 0.0276771 0.0426200 0.8681205 0.0308028 0.0361839 0.0307146 0.0018246 0.0112378 0.0292118 0.0046429 0.0130225 0.0219038 0.0127630 0.0157918 -0.0350152 -0.0019103 -0.0126005 -0.0075282 -0.0087132 0.0037724 0.0122368 -0.0201054 -0.0128122 -0.0094410 0.0240692 -0.0010301 0.0144489 0.0071311 0.0069405 0.0077729 0.0179728 0.0171660 0.0087160 0.0166196 0.0167142 0.0351286 0.0054665 -0.0131659 -0.0145801 -0.0038101 -0.0023449 0.0014991 -0.0103636 -0.0323999 -0.0208266 -0.0881132 -0.0882380 -0.0024474 -0.0121432 0.0011299 -0.0258329 -0.0215968 -0.1210696 -0.0065595 -0.0370483 -0.0380935 -0.0390829 -0.0037078 -0.0900337 -0.0044148 -0.1039117
0.0098923 0.0137350 0.0103480 0.0162516 0.0113122 0.0076586 0.0124835 0.0124568 0.0092406 0.0077119 0.0074094 0.0054091 0.0126414 0.0077220 0.0162005 0.0155822 -0.0761439 -0.0658106 -0.0669904 -0.0786016 -0.0814521 -0.0635818 -0.0794512 -0.0667277 0.0315039 0.0240951 0.0247954 0.0238023 0.0306825 0.0466510 0.0454867 0.0294550 0.0460782 0.0273030 0.0263336 0.0388641 0.0308028 0.8780956 0.0346668 0.0435571 0.0013477 0.0143371 0.0437357 0.0145112 0.0106878 0.0194896 0.0181560 0.0333013 -0.0355620 0.0074647 -0.0074925 -0.0111814 -0.0018421 -0.0032214 0.0125670 -0.0067703 -0.0158686 -0.0042465 0.0137734 -0.0169912 0.0053231 -0.0043407 -0.0047407 0.0183530 0.0184310 0.0262182 0.0148951 0.0317907 0.0244865 0.0356534 0.0079211 -0.0284654 -0.0178288 -0.0045167 -0.0069785 -0.0074791 -0.0223665 -0.0197501 -0.0155012 -0.0816448 -0.0942972 -0.0063895 -0.0118386 0.0023612 -0.0273704 -0.0265604 -0.1329100 -0.0138800 -0.0376575 0.0051899 0.0040094 -0.0027721 -0.1012007 -0.0065019 -0.1119726
0.0167723 0.0201098 0.0193830 0.0198505 0.0217985 0.0142319 0.0203484 0.0201479 0.0149110 0.0172237 0.0153613 0.0153713 0.0210244 0.0152924 0.0184990 0.0198955 -0.0747904 -0.0615441 -0.0625114 -0.0709585 -0.0780593 -0.0664677 -0.0768011 -0.0643693 0.0262693 0.0270809 0.0260469 0.0240670 0.0293862 0.0296220 0.0395146 0.0327654 0.0452222 0.0260592 0.0165365 0.0430490 0.0361839 0.0346668 0.8597417 0.0353799 0.0038716 0.0103771 0.0281430 0.0146974 0.0078188 0.0292468 0.0168894 0.0274370 -0.0489550 0.0064108 -0.0134825 -0.0086744 -0.0070597 0.0006957 0.0131451 -0.0101724 -0.0111699 -0.0194034 0.0191876 -0.0174763 0.0190012 0.0091868 0.0083087 0.0160910 0.0154264 0.0178857 -0.0001968 0.0273644 0.0050742 0.0225450 -0.0027490 -0.0299655 -0.0249499 -0.0068095 -0.0065769 -0.0078239 -0.0075087 -0.0342205 -0.0153339 -0.0792518 -0.0875612 -0.0140680 -0.0187294 0.0008461 -0.0442078 -0.0214572 -0.1439389 -0.0194300 -0.0554076 -0.0192560 -0.0194460 -0.0047945 -0.1034497 -0.0220667 -0.1091222
