0.8767197 0.1779509 0.1443888 0.1652508 0.1497217 0.1434416 0.1475004 0.1529000 0.1468284 0.1437131 0.1449393 0.1520155 0.1422429 0.1408032 0.1344460 0.1366684 0.0301385 0.0526987 0.0550709 0.0511276 0.0458755 0.0710660 0.0495223 0.0538578 0.0673323 0.0641968 0.0678295 0.0526169 0.0565094 0.0531086 0.0648065 0.0499980 0.0668196 0.0572123 0.0520461 0.0689954 0.0609145 0.0602367 0.0685879 0.0629881 0.0523070 0.0447788 0.0492345 0.0479109 0.0638255 0.0581649 0.0479810 0.0366085 -0.0148062 0.0356849 0.0197514 0.0065818 0.0172843 0.0299411 0.0190533 0.0076779 -0.0021404 0.0076992 0.0396830 0.0210316 0.0407768 0.0254024 0.0242195 0.0392916 0.0165009 0.0319344 0.0059383 0.0375702 0.0013290 0.0511498 0.0090471 -0.0103947 -0.0026051 0.0337065 0.0179068 0.0189498 0.0119098 -0.0104908 0.0118453 -0.0727854 -0.0829076 -0.0010887 0.0034302 0.0179352 -0.0339329 -0.0082205 -0.1233145 -0.0006107 -0.0369151 -0.0151087 -0.0154540 0.0112845 -0.0683150 -0.0048698 -0.1041179 -0.2737032 -0.2766648 -0.2758042 -0.2736000 -0.2733098 -0.2724949 -0.2729819 -0.2740411 -0.2754303 -0.2770072 -0.2792879 -0.2780458 -0.2780511 -0.2789477 -0.2792715 -0.2781248 -0.2817803 -0.2776655
0.1779509 0.8837950 0.1470405 0.1746804 0.1513935 0.1498583 0.1523416 0.1547959 0.1492870 0.1474913 0.1505856 0.1536108 0.1505762 0.1456545 0.1372431 0.1413832 0.0267826 0.0562887 0.0596193 0.0538572 0.0421950 0.0697301 0.0518012 0.0487228 0.0690369 0.0660059 0.0714302 0.0562369 0.0599757 0.0565692 0.0672781 0.0555048 0.0666575 0.0590525 0.0526547 0.0710846 0.0619053 0.0640445 0.0721393 0.0668067 0.0560881 0.0471266 0.0503290 0.0521036 0.0651262 0.0610193 0.0456273 0.0332909 -0.0157711 0.0403525 0.0199305 0.0065644 0.0180237 0.0295858 0.0201420 0.0075183 -0.0039860 0.0097665 0.0426227 0.0234666 0.0417936 0.0304805 0.0295520 0.0396266 0.0199818 0.0335221 0.0099678 0.0349274 0.0014492 0.0528124 0.0097437 -0.0101458 -0.0022043 0.0334034 0.0189598 0.0249410 0.0102989 -0.0125669 0.0144134 -0.0769191 -0.0844441 -0.0004111 0.0034893 0.0166409 -0.0377818 -0.0064396 -0.1258589 0.0023159 -0.0387766 -0.0201435 -0.0216074 0.0125513 -0.0710091 -0.0010900 -0.1054294 -0.2821275 -0.2860531 -0.2838516 -0.2817109 -0.2822719 -0.2822711 -0.2812998 -0.2856835 -0.2848965 -0.2864895 -0.2862332 -0.2886899 -0.2865238 -0.2877452 -0.2870316 -0.2872805 -0.2910324 -0.2869788
0.1443888 0.1470405 0.8788047 0.1438473 0.1893064 0.1825359 0.2004980 0.1902122 0.1533826 0.1522765 0.1535940 0.1564097 0.1528134 0.1498807 0.1421202 0.1442576 0.0347412 0.0553389 0.0645843 0.0519748 0.0473168 0.0726286 0.0542899 0.0526262 0.0675764 0.0648464 0.0727015 0.0595981 0.0586391 0.0576925 0.0695207 0.0533724 0.0688636 0.0593649 0.0548387 0.0744348 0.0658109 0.0608695 0.0711916 0.0689329 0.0602270 0.0499237 0.0483773 0.0496660 0.0684547 0.0651523 0.0482245 0.0317770 -0.0193450 0.0344309 0.0222345 0.0055104 0.0177697 0.0300672 0.0193898 0.0075380 -0.0018685 0.0070120 0.0361997 0.0209734 0.0381473 0.0236301 0.0238017 0.0337654 0.0140421 0.0278089 0.0066079 0.0329445 0.0003875 0.0491999 0.0084148 -0.0095300 -0.0033103 0.0347218 0.0204154 0.0208020 0.0091929 -0.0150155 0.0128997 -0.0799092 -0.0908620 -0.0005579 0.0055014 0.0156820 -0.0381507 -0.0066483 -0.1248805 -0.0068597 -0.0412689 -0.0221627 -0.0230334 0.0102174 -0.0732040 -0.0041242 -0.1101878 -0.2846865 -0.2887736 -0.2875060 -0.2832958 -0.2833294 -0.2827486 -0.2844477 -0.2851653 -0.2875462 -0.2890838 -0.2897993 -0.2906847 -0.2894911 -0.2897696 -0.2906626 -0.2898695 -0.2937970 -0.2910143
0.1652508 0.1746804 0.1438473 0.8849226 0.1446528 0.1438809 0.1438767 0.1499137 0.1450167 0.1395889 0.1452835 0.1461634 0.1396406 0.1405449 0.1330279 0.1361597 0.0296370 0.0527004 0.0574103 0.0492709 0.0405269 0.0674941 0.0501698 0.0513416 0.0682622 0.0633518 0.0699387 0.0583950 0.0589314 0.0553639 0.0655616 0.0527259 0.0679299 0.0579876 0.0537279 0.0684725 0.0619982 0.0643703 0.0697115 0.0658277 0.0551870 0.0477763 0.0545717 0.0520005 0.0669268 0.0602389 0.0463358 0.0369122 -0.0139477 0.0386923 0.0245268 0.0054761 0.0190194 0.0300669 0.0231384 0.0075436 -0.0003952 0.0113966 0.0418485 0.0249708 0.0398177 0.0280288 0.0279496 0.0405813 0.0213424 0.0296759 0.0061893 0.0391210 0.0014781 0.0534595 0.0097494 -0.0071716 -0.0026918 0.0344129 0.0212683 0.0211637 0.0111061 -0.0092514 0.0139477 -0.0743282 -0.0829761 0.0004169 0.0080712 0.0197483 -0.0358033 -0.0076785 -0.1246545 0.0005570 -0.0379588 -0.0134856 -0.0133351 0.0147861 -0.0698228 -0.0024564 -0.1022392 -0.2765880 -0.2794180 -0.2770064 -0.2747442 -0.2763997 -0.2746371 -0.2755346 -0.2776692 -0.2783500 -0.2810796 -0.2807667 -0.2814824 -0.2811280 -0.2808857 -0.2807681 -0.2798696 -0.2847884 -0.2793645
0.1497217 0.1513935 0.1893064 0.1446528 0.8918020 0.1974354 0.2027093 0.2000614 0.1560667 0.1541886 0.1566510 0.1605040 0.1548859 0.1527652 0.1419783 0.1474482 0.0337895 0.0622949 0.0654136 0.0602028 0.0518592 0.0793573 0.0612805 0.0585334 0.0684518 0.0628724 0.0708805 0.0552172 0.0567217 0.0532694 0.0667573 0.0508858 0.0663283 0.0585854 0.0491125 0.0714272 0.0608029 0.0610620 0.0720699 0.0644975 0.0610462 0.0473452 0.0462065 0.0498227 0.0674198 0.0599121 0.0474196 0.0280308 -0.0178790 0.0353165 0.0190631 0.0073620 0.0147872 0.0290746 0.0159115 0.0046460 -0.0051960 0.0063507 0.0365696 0.0152103 0.0387710 0.0279543 0.0246570 0.0343075 0.0165014 0.0281969 0.0025942 0.0288736 -0.0038502 0.0525447 0.0038445 -0.0148915 -0.0074494 0.0335273 0.0188347 0.0204029 0.0070884 -0.0166192 0.0113580 -0.0821533 -0.0944061 -0.0042943 -0.0002354 0.0133992 -0.0397564 -0.0089090 -0.1255184 -0.0068184 -0.0414199 -0.0208226 -0.0214280 0.0093977 -0.0728489 -0.0111218 -0.1072330 -0.2829645 -0.2849860 -0.2833422 -0.2800281 -0.2810426 -0.2800742 -0.2812037 -0.2817955 -0.2823375 -0.2847031 -0.2871960 -0.2870237 -0.2862647 -0.2871585 -0.2863643 -0.2860369 -0.2911075 -0.2857654
0.1434416 0.1498583 0.1825359 0.1438809 0.1974354 0.8860953 0.1952523 0.1932861 0.1536318 0.1520929 0.1541292 0.1597934 0.1511672 0.1501839 0.1411728 0.1462439 0.0353279 0.0566579 0.0633816 0.0534218 0.0477621 0.0713438 0.0552946 0.0535432 0.0720798 0.0671073 0.0728050 0.0579731 0.0611107 0.0590245 0.0655824 0.0536491 0.0699964 0.0578621 0.0498896 0.0703566 0.0588621 0.0573803 0.0660951 0.0655737 0.0603718 0.0485855 0.0498145 0.0496805 0.0676759 0.0619185 0.0492399 0.0246600 -0.0179973 0.0321574 0.0147159 0.0093080 0.0128592 0.0313528 0.0166971 0.0084760 -0.0080637 0.0054691 0.0323418 0.0172882 0.0359466 0.0210221 0.0199127 0.0355290 0.0155454 0.0329793 0.0062241 0.0258241 0.0040936 0.0530755 0.0061605 -0.0108837 -0.0057460 0.0325742 0.0176827 0.0208916 0.0097744 -0.0196720 0.0124191 -0.0781358 -0.0907768 0.0002712 0.0059406 0.0159861 -0.0381204 -0.0035818 -0.1236502 -0.0070219 -0.0400914 -0.0344533 -0.0361494 0.0096952 -0.0695925 -0.0079861 -0.1059505 -0.2820809 -0.2839326 -0.2840047 -0.2802553 -0.2805181 -0.2796613 -0.2811826 -0.2831103 -0.2820425 -0.2868876 -0.2860073 -0.2864355 -0.2873509 -0.2878773 -0.2859175 -0.2852311 -0.2889579 -0.2876378
0.1475004 0.1523416 0.2004980 0.1438767 0.2027093 0.1952523 0.8845708 0.2068952 0.1562376 0.1553235 0.1576276 0.1626055 0.1540964 0.1558267 0.1413613 0.1487744 0.0313466 0.0579993 0.0654664 0.0579344 0.0482071 0.0732363 0.0566496 0.0506568 0.0704099 0.0662774 0.0727779 0.0589756 0.0595657 0.0592645 0.0679776 0.0544668 0.0706875 0.0607704 0.0545491 0.0736172 0.0606874 0.0629780 0.0725772 0.0713697 0.0606004 0.0468043 0.0500523 0.0513288 0.0671500 0.0606872 0.0483549 0.0300218 -0.0167422 0.0355153 0.0195471 0.0062274 0.0153323 0.0311221 0.0160409 0.0080822 -0.0028449 0.0056362 0.0334987 0.0134046 0.0341185 0.0235058 0.0207925 0.0383452 0.0200099 0.0339122 0.0089051 0.0319311 0.0015210 0.0554387 0.0075274 -0.0117799 -0.0054547 0.0346805 0.0201294 0.0216976 0.0086098 -0.0146562 0.0120826 -0.0799217 -0.0912329 -0.0016237 0.0057710 0.0136229 -0.0377746 -0.0059837 -0.1301148 -0.0067197 -0.0405680 -0.0195697 -0.0209355 0.0098872 -0.0747321 -0.0087090 -0.1113505 -0.2910342 -0.2950143 -0.2927100 -0.2909536 -0.2909236 -0.2884070 -0.2918139 -0.2930253 -0.2927048 -0.2959017 -0.2958604 -0.2979699 -0.2953396 -0.2973939 -0.2963569 -0.2969260 -0.2972245 -0.2963917
0.1529000 0.1547959 0.1902122 0.1499137 0.2000614 0.1932861 0.2068952 0.8924370 0.1609454 0.1561603 0.1607009 0.1676079 0.1561443 0.1577058 0.1463489 0.1492420 0.0356572 0.0589983 0.0701417 0.0590435 0.0518445 0.0786018 0.0596234 0.0532538 0.0705756 0.0669306 0.0718614 0.0574829 0.0586479 0.0557477 0.0672772 0.0537454 0.0705201 0.0601798 0.0523940 0.0733983 0.0619516 0.0626150 0.0718484 0.0683220 0.0615114 0.0464521 0.0498433 0.0525485 0.0660426 0.0630189 0.0471085 0.0289503 -0.0174138 0.0353805 0.0157127 0.0103807 0.0131440 0.0319244 0.0188207 0.0071557 -0.0052159 0.0024282 0.0287483 0.0161961 0.0325659 0.0178927 0.0160141 0.0340254 0.0164792 0.0332140 0.0061774 0.0295516 0.0029523 0.0527179 0.0078276 -0.0105533 -0.0057662 0.0363272 0.0178181 0.0211816 0.0087536 -0.0170360 0.0118403 -0.0798580 -0.0914453 -0.0033123 0.0056967 0.0145657 -0.0350845 -0.0072728 -0.1275593 -0.0031121 -0.0412169 -0.0231351 -0.0244670 0.0109434 -0.0728746 -0.0052680 -0.1077615 -0.2892053 -0.2921420 -0.2901329 -0.2871177 -0.2884434 -0.2872226 -0.2887053 -0.2905880 -0.2911543 -0.2930591 -0.2944752 -0.2936927 -0.2942258 -0.2942874 -0.2943845 -0.2933266 -0.2974256 -0.2937665
0.1468284 0.1492870 0.1533826 0.1450167 0.1560667 0.1536318 0.1562376 0.1609454 0.8927969 0.1877181 0.1968622 0.1939683 0.1907007 0.1851044 0.1486845 0.1539047 0.0363895 0.0609515 0.0662377 0.0609463 0.0505698 0.0742506 0.0609181 0.0563747 0.0717932 0.0631953 0.0713839 0.0593357 0.0594546 0.0572634 0.0662021 0.0561004 0.0680350 0.0583014 0.0503345 0.0709569 0.0604632 0.0601156 0.0675865 0.0655293 0.0600232 0.0428161 0.0460394 0.0557940 0.0699545 0.0625198 0.0518359 0.0261718 -0.0179946 0.0333029 0.0186215 0.0035849 0.0099485 0.0316503 0.0225480 0.0081840 -0.0071871 0.0080731 0.0288548 0.0174246 0.0301552 0.0170229 0.0167048 0.0323011 0.0140933 0.0352134 0.0085044 0.0275114 0.0031534 0.0540141 0.0091664 -0.0091039 -0.0006603 0.0317180 0.0159644 0.0192353 0.0038976 -0.0177284 0.0118448 -0.0781786 -0.0853533 0.0003539 0.0001312 0.0168009 -0.0390151 -0.0087585 -0.1204582 -0.0030999 -0.0414107 -0.0394972 -0.0395249 0.0112993 -0.0724776 -0.0044361 -0.1088172 -0.2850862 -0.2872928 -0.2846077 -0.2823085 -0.2825128 -0.2825559 -0.2839108 -0.2853503 -0.2860912 -0.2875988 -0.2893318 -0.2877746 -0.2887678 -0.2893995 -0.2879841 -0.2894879 -0.2942704 -0.2882601
0.1437131 0.1474913 0.1522765 0.1395889 0.1541886 0.1520929 0.1553235 0.1561603 0.1877181 0.8883786 0.1851769 0.1908471 0.1990749 0.1839784 0.1413458 0.1485544 0.0338697 0.0597754 0.0629486 0.0617720 0.0508712 0.0740811 0.0596199 0.0583063 0.0670995 0.0617338 0.0673799 0.0571867 0.0564700 0.0521514 0.0622261 0.0508429 0.0662220 0.0566472 0.0500807 0.0699599 0.0557978 0.0571016 0.0685232 0.0653395 0.0553647 0.0427998 0.0458112 0.0538317 0.0660423 0.0576545 0.0463019 0.0278572 -0.0199873 0.0336484 0.0173819 0.0076930 0.0123723 0.0318661 0.0153120 0.0075609 -0.0069109 0.0046068 0.0295065 0.0161591 0.0307558 0.0176983 0.0154729 0.0302919 0.0154306 0.0307077 0.0043465 0.0284287 -0.0011037 0.0480425 0.0043468 -0.0113017 -0.0033319 0.0297048 0.0142708 0.0181792 0.0042416 -0.0168831 0.0110820 -0.0769735 -0.0889261 -0.0030048 0.0011618 0.0150351 -0.0411986 -0.0077670 -0.1210060 -0.0076804 -0.0416391 -0.0305935 -0.0300520 0.0090133 -0.0708171 -0.0090537 -0.1044575 -0.2778674 -0.2793707 -0.2795849 -0.2745678 -0.2749612 -0.2739267 -0.2769746 -0.2766966 -0.2782007 -0.2799198 -0.2817439 -0.2814134 -0.2801262 -0.2813945 -0.2812420 -0.2807598 -0.2844422 -0.2813422
0.1449393 0.1505856 0.1535940 0.1452835 0.1566510 0.1541292 0.1576276 0.1607009 0.1968622 0.1851769 0.9120516 0.2027616 0.1902893 0.1868648 0.1483764 0.1502636 0.0402061 0.0662480 0.0744875 0.0667775 0.0581837 0.0818249 0.0665478 0.0615367 0.0633880 0.0580002 0.0653142 0.0543333 0.0551994 0.0490951 0.0608911 0.0455144 0.0618233 0.0555326 0.0466391 0.0667998 0.0569241 0.0562414 0.0657861 0.0606432 0.0558941 0.0409870 0.0442162 0.0511937 0.0658133 0.0572036 0.0437358 0.0243364 -0.0187917 0.0305140 0.0187785 0.0024874 0.0110376 0.0259544 0.0151228 0.0054127 -0.0095631 0.0056015 0.0283375 0.0166541 0.0249143 0.0115577 0.0102597 0.0302894 0.0109637 0.0275957 0.0017210 0.0254166 -0.0052124 0.0445243 0.0008456 -0.0161642 -0.0056045 0.0297596 0.0149850 0.0150933 0.0022624 -0.0159647 0.0064366 -0.0785430 -0.0896213 -0.0081177 0.0003347 0.0109870 -0.0437243 -0.0143063 -0.1191627 -0.0072486 -0.0449185 -0.0258289 -0.0256487 0.0096347 -0.0724441 -0.0085321 -0.1061707 -0.2711941 -0.2745292 -0.2731387 -0.2688047 -0.2704371 -0.2700900 -0.2710384 -0.2722412 -0.2723341 -0.2725395 -0.2757288 -0.2756567 -0.2754317 -0.2769358 -0.2751135 -0.2776665 -0.2815438 -0.2754947
0.1520155 0.1536108 0.1564097 0.1461634 0.1605040 0.1597934 0.1626055 0.1676079 0.1939683 0.1908471 0.2027616 0.9053730 0.1953470 0.1903864 0.1457475 0.1557758 0.0378082 0.0655127 0.0706458 0.0641800 0.0538298 0.0807028 0.0649041 0.0590390 0.0653538 0.0585006 0.0680526 0.0554948 0.0554501 0.0501462 0.0614269 0.0491693 0.0638108 0.0565180 0.0516542 0.0709801 0.0587193 0.0560201 0.0671808 0.0621888 0.0585554 0.0415831 0.0472040 0.0515763 0.0683421 0.0570944 0.0478083 0.0229891 -0.0217763 0.0300572 0.0162267 0.0044051 0.0121416 0.0310145 0.0158757 0.0044124 -0.0085883 0.0087138 0.0260314 0.0133213 0.0237129 0.0110706 0.0100998 0.0290610 0.0129646 0.0289603 0.0051048 0.0245873 -0.0020077 0.0497533 0.0060601 -0.0147628 -0.0049864 0.0276102 0.0118960 0.0178918 0.0028253 -0.0206496 0.0096949 -0.0773619 -0.0889329 -0.0062252 0.0003066 0.0097386 -0.0448948 -0.0115696 -0.1187886 -0.0089541 -0.0438852 -0.0323287 -0.0330651 0.0059097 -0.0695972 -0.0114591 -0.1083779 -0.2791872 -0.2805683 -0.2791097 -0.2762361 -0.2772668 -0.2770338 -0.2780248 -0.2778420 -0.2807905 -0.2796792 -0.2817613 -0.2821753 -0.2821953 -0.2820303 -0.2814424 -0.2830590 -0.2866516 -0.2829301
0.1422429 0.1505762 0.1528134 0.1396406 0.1548859 0.1511672 0.1540964 0.1561443 0.1907007 0.1990749 0.1902893 0.1953470 0.8948917 0.1916740 0.1448496 0.1494462 0.0317762 0.0604169 0.0653797 0.0589499 0.0498890 0.0755375 0.0598661 0.0554004 0.0671207 0.0621975 0.0723850 0.0572903 0.0588477 0.0543002 0.0645114 0.0530219 0.0683360 0.0578415 0.0482262 0.0706349 0.0612119 0.0610211 0.0706380 0.0639076 0.0572539 0.0437892 0.0480370 0.0560975 0.0670263 0.0607082 0.0509616 0.0249492 -0.0195609 0.0344575 0.0150220 0.0092022 0.0158297 0.0274877 0.0193290 0.0058099 -0.0071118 0.0077488 0.0344439 0.0169870 0.0362520 0.0204709 0.0199490 0.0302078 0.0174040 0.0319114 0.0041947 0.0270363 -0.0009560 0.0505070 0.0056910 -0.0102793 -0.0060431 0.0325808 0.0161880 0.0211321 0.0060714 -0.0158841 0.0119467 -0.0809660 -0.0899142 -0.0037557 -0.0005443 0.0162271 -0.0422280 -0.0099517 -0.1232752 -0.0068036 -0.0428345 -0.0342232 -0.0341357 0.0087351 -0.0743996 -0.0069123 -0.1092661 -0.2825728 -0.2856013 -0.2838850 -0.2786845 -0.2799205 -0.2800717 -0.2820444 -0.2826727 -0.2838046 -0.2849507 -0.2876645 -0.2860900 -0.2873721 -0.2881402 -0.2869315 -0.2865126 -0.2919458 -0.2871922
0.1408032 0.1456545 0.1498807 0.1405449 0.1527652 0.1501839 0.1558267 0.1577058 0.1851044 0.1839784 0.1868648 0.1903864 0.1916740 0.8974733 0.1449275 0.1431008 0.0373686 0.0620078 0.0684962 0.0585771 0.0509555 0.0774653 0.0593090 0.0581418 0.0681312 0.0568499 0.0660622 0.0562694 0.0577719 0.0507129 0.0605581 0.0494147 0.0623824 0.0569906 0.0493287 0.0694269 0.0599363 0.0574531 0.0670008 0.0656461 0.0550232 0.0435280 0.0487985 0.0528537 0.0657519 0.0588270 0.0475814 0.0298866 -0.0180233 0.0333228 0.0176783 0.0053020 0.0129092 0.0270168 0.0179156 0.0080493 -0.0090606 0.0065431 0.0315544 0.0163967 0.0304514 0.0156081 0.0144988 0.0335795 0.0162208 0.0288893 0.0036363 0.0312895 -0.0004691 0.0484756 0.0041530 -0.0146036 -0.0045029 0.0317703 0.0171134 0.0209276 0.0069294 -0.0158327 0.0101193 -0.0787146 -0.0880352 -0.0068211 0.0007113 0.0131948 -0.0420176 -0.0098369 -0.1216217 -0.0069537 -0.0420893 -0.0238606 -0.0240824 0.0113797 -0.0736229 -0.0020726 -0.1073501 -0.2779018 -0.2802437 -0.2788474 -0.2762877 -0.2766577 -0.2752749 -0.2780325 -0.2779005 -0.2794502 -0.2797824 -0.2822246 -0.2822618 -0.2808119 -0.2831697 -0.2824861 -0.2820259 -0.2853537 -0.2830755
0.1344460 0.1372431 0.1421202 0.1330279 0.1419783 0.1411728 0.1413613 0.1463489 0.1486845 0.1413458 0.1483764 0.1457475 0.1448496 0.1449275 0.8757316 0.1386548 0.0286421 0.0485985 0.0535283 0.0421065 0.0387703 0.0654267 0.0448884 0.0440821 0.0700990 0.0671052 0.0749939 0.0608512 0.0629842 0.0606757 0.0713305 0.0565249 0.0714068 0.0589270 0.0590178 0.0715000 0.0628784 0.0664536 0.0711638 0.0692834 0.0588849 0.0502212 0.0526896 0.0557833 0.0659104 0.0665983 0.0481446 0.0351548 -0.0141736 0.0374452 0.0234511 0.0103821 0.0175237 0.0361348 0.0274434 0.0084273 0.0016229 0.0159264 0.0403184 0.0245351 0.0394556 0.0262538 0.0229814 0.0349545 0.0228678 0.0361485 0.0152410 0.0365584 0.0096610 0.0551906 0.0159974 -0.0015260 0.0031237 0.0333228 0.0213453 0.0233115 0.0103025 -0.0122505 0.0156824 -0.0680626 -0.0781059 0.0089473 0.0141252 0.0224024 -0.0287341 -0.0013356 -0.1211715 0.0017913 -0.0345209 -0.0259378 -0.0259758 0.0139472 -0.0661730 0.0008377 -0.1005492 -0.2781048 -0.2829689 -0.2824470 -0.2787443 -0.2784630 -0.2767110 -0.2810035 -0.2809550 -0.2812447 -0.2843731 -0.2849188 -0.2848562 -0.2846661 -0.2848175 -0.2856256 -0.2851894 -0.2882976 -0.2859271
0.1366684 0.1413832 0.1442576 0.1361597 0.1474482 0.1462439 0.1487744 0.1492420 0.1539047 0.1485544 0.1502636 0.1557758 0.1494462 0.1431008 0.1386548 0.8780530 0.0257454 0.0508972 0.0541687 0.0483611 0.0399550 0.0626608 0.0469791 0.0468304 0.0737545 0.0716647 0.0767406 0.0620749 0.0660175 0.0625425 0.0733699 0.0639128 0.0780447 0.0588164 0.0591938 0.0768003 0.0632332 0.0668893 0.0726507 0.0684721 0.0629644 0.0535730 0.0569662 0.0532461 0.0665623 0.0690241 0.0543528 0.0301034 -0.0135041 0.0357215 0.0224679 0.0108949 0.0158058 0.0375348 0.0256004 0.0076151 -0.0003546 0.0150175 0.0396729 0.0248021 0.0433754 0.0283511 0.0268490 0.0356220 0.0227154 0.0403331 0.0153495 0.0323766 0.0080033 0.0557840 0.0181128 -0.0033248 0.0032058 0.0366820 0.0201664 0.0296705 0.0129639 -0.0144898 0.0155285 -0.0693317 -0.0793477 0.0093282 0.0090225 0.0194796 -0.0292879 -0.0016820 -0.1214847 0.0010943 -0.0357172 -0.0359999 -0.0367215 0.0146907 -0.0491056 -0.0016469 -0.1044116 -0.2833412 -0.2866305 -0.2853118 -0.2795546 -0.2823416 -0.2796043 -0.2829128 -0.2840722 -0.2856583 -0.2870993 -0.2888756 -0.2888131 -0.2886162 -0.2897693 -0.2893911 -0.2894228 -0.2923079 -0.2892033
0.0301385 0.0267826 0.0347412 0.0296370 0.0337895 0.0353279 0.0313466 0.0356572 0.0363895 0.0338697 0.0402061 0.0378082 0.0317762 0.0373686 0.0286421 0.0257454 0.9752922 0.0423339 0.0472423 0.0548669 0.0602227 0.0356275 0.0473731 0.0571473 -0.0100832 -0.0168531 -0.0125335 -0.0087994 -0.0179442 -0.0184018 -0.0204385 -0.0210000 -0.0248685 -0.0091120 -0.0123579 -0.0162564 -0.0138265 -0.0166370 -0.0173254 -0.0170007 0.0019936 -0.0080531 -0.0299391 -0.0119562 -0.0101320 -0.0054726 -0.0059576 -0.0503109 -0.0085260 -0.0270803 -0.0246650 -0.0026263 -0.0430629 -0.0051143 -0.0128111 -0.0166935 -0.0191565 -0.0238001 -0.0478184 -0.0216831 -0.0430808 -0.0545170 -0.0539144 -0.0310117 -0.0334664 -0.0133359 -0.0265161 -0.0487739 -0.0216839 -0.0193321 -0.0206096 -0.0102035 -0.0153828 -0.0155170 -0.0251979 -0.0198339 -0.0168269 -0.0341064 -0.0164464 -0.0133104 -0.0128543 -0.0189734 -0.0106202 -0.0218174 -0.0165783 -0.0246379 0.0027724 -0.0234096 -0.0185915 -0.0875358 -0.0878803 -0.0375808 -0.0038450 -0.0122207 -0.0151063 0.0115412 0.0116004 0.0122327 0.0137942 0.0118236 0.0119122 0.0124286 0.0139615 0.0128096 0.0135522 0.0121123 0.0109346 0.0119512 0.0111073 0.0115949 0.0128910 0.0043075 0.0107465
0.0526987 0.0562887 0.0553389 0.0527004 0.0622949 0.0566579 0.0579993 0.0589983 0.0609515 0.0597754 0.0662480 0.0655127 0.0604169 0.0620078 0.0485985 0.0508972 0.0423339 0.9517181 0.0675037 0.0658752 0.0571335 0.0626003 0.0609534 0.0569085 0.0005459 -0.0104857 -0.0029573 -0.0084489 -0.0049780 -0.0140176 -0.0099944 -0.0165447 -0.0078260 0.0059659 -0.0108789 -0.0072403 -0.0045776 -0.0048743 -0.0026286 -0.0065737 0.0034470 -0.0182216 -0.0088275 0.0010976 0.0074483 -0.0072560 -0.0088063 -0.0205687 -0.0163760 -0.0107896 -0.0086104 -0.0227358 -0.0192530 -0.0038136 -0.0244614 -0.0145497 -0.0242953 -0.0161203 -0.0302438 -0.0178234 -0.0351614 -0.0454330 -0.0461620 -0.0120838 -0.0185947 -0.0172331 -0.0261976 -0.0202068 -0.0319000 -0.0100448 -0.0249387 -0.0206451 -0.0169746 -0.0056543 -0.0160557 -0.0070975 -0.0202513 -0.0148527 -0.0082171 -0.0301528 -0.0372365 -0.0258911 -0.0134148 -0.0188678 -0.0236332 -0.0169182 -0.0263893 -0.0226569 -0.0241050 -0.0167421 -0.0161765 -0.0150554 -0.0166697 -0.0270735 -0.0251213 -0.0450388 -0.0479752 -0.0469765 -0.0428891 -0.0448158 -0.0449877 -0.0469053 -0.0461540 -0.0443758 -0.0440153 -0.0475944 -0.0487943 -0.0496128 -0.0482233 -0.0470308 -0.0477302 -0.0530115 -0.0461284
0.0550709 0.0596193 0.0645843 0.0574103 0.0654136 0.0633816 0.0654664 0.0701417 0.0662377 0.0629486 0.0744875 0.0706458 0.0653797 0.0684962 0.0535283 0.0541687 0.0472423 0.0675037 0.9676285 0.0719669 0.0713522 0.0738288 0.0652042 0.0651871 -0.0036771 -0.0064274 -0.0002941 -0.0103604 -0.0108345 -0.0180116 -0.0123469 -0.0214079 -0.0111257 0.0053185 -0.0177547 -0.0041007 -0.0083605 -0.0078815 -0.0040247 -0.0025072 -0.0007298 -0.0183547 -0.0144350 -0.0049555 0.0142682 -0.0076212 -0.0136394 -0.0188471 -0.0137540 -0.0074496 -0.0090790 -0.0250342 -0.0118479 -0.0080769 -0.0211303 -0.0092886 -0.0302163 -0.0216113 -0.0288481 -0.0157435 -0.0327213 -0.0390047 -0.0382587 -0.0077976 -0.0228071 -0.0233455 -0.0313765 -0.0169045 -0.0433605 -0.0119677 -0.0369706 -0.0357972 -0.0230761 -0.0056603 -0.0192985 -0.0169583 -0.0208004 -0.0208849 -0.0148276 -0.0333829 -0.0369678 -0.0389679 -0.0157525 -0.0282652 -0.0352345 -0.0260740 -0.0322009 -0.0249287 -0.0387513 -0.0096302 -0.0101382 -0.0195984 -0.0223368 -0.0306046 -0.0355773 -0.0429503 -0.0451310 -0.0457678 -0.0423463 -0.0415053 -0.0430917 -0.0436264 -0.0423791 -0.0448178 -0.0403208 -0.0445707 -0.0463904 -0.0441133 -0.0439751 -0.0457032 -0.0434789 -0.0467100 -0.0460746
0.0511276 0.0538572 0.0519748 0.0492709 0.0602028 0.0534218 0.0579344 0.0590435 0.0609463 0.0617720 0.0667775 0.0641800 0.0589499 0.0585771 0.0421065 0.0483611 0.0548669 0.0658752 0.0719669 1.0101205 0.0660864 0.0950149 0.0916509 0.0703125 -0.0225815 -0.0207751 -0.0191343 -0.0246145 -0.0271044 -0.0361080 -0.0335340 -0.0411311 -0.0227929 -0.0002436 -0.0255014 -0.0195162 -0.0132017 -0.0180434 -0.0137612 -0.0190290 -0.0179720 -0.0317498 -0.0278124 -0.0176393 -0.0027180 -0.0284824 -0.0329040 -0.0076099 -0.0185465 -0.0094068 -0.0013580 -0.0252388 0.0026214 -0.0232184 -0.0348123 -0.0339400 -0.0293247 -0.0179660 -0.0151126 -0.0145609 -0.0160488 -0.0161168 -0.0162114 -0.0211925 -0.0242435 -0.0489916 -0.0512983 -0.0078548 -0.0705580 -0.0222093 -0.0559012 -0.0524438 -0.0299627 -0.0011707 -0.0160219 -0.0317263 -0.0300289 -0.0181129 -0.0190865 -0.0436268 -0.0658062 -0.0568724 -0.0511712 -0.0252523 -0.0583743 -0.0385028 -0.0203300 -0.0243505 -0.0284523 0.0334760 0.0350322 -0.0268697 -0.0167750 -0.0648893 -0.0210453 -0.0136591 -0.0148890 -0.0150675 -0.0115500 -0.0096717 -0.0147921 -0.0144190 -0.0089721 -0.0106025 -0.0079926 -0.0100955 -0.0113079 -0.0089087 -0.0107186 -0.0083752 -0.0098395 -0.0125813 -0.0127993
0.0458755 0.0421950 0.0473168 0.0405269 0.0518592 0.0477621 0.0482071 0.0518445 0.0505698 0.0508712 0.0581837 0.0538298 0.0498890 0.0509555 0.0387703 0.0399550 0.0602227 0.0571335 0.0713522 0.0660864 1.0013658 0.0723743 0.0693128 0.0694995 -0.0197921 -0.0202620 -0.0122829 -0.0227826 -0.0258474 -0.0351046 -0.0252806 -0.0352642 -0.0305909 -0.0081239 -0.0284467 -0.0232153 -0.0280399 -0.0204015 -0.0204594 -0.0197107 -0.0071037 -0.0254826 -0.0320328 -0.0170808 -0.0071211 -0.0188608 -0.0224762 -0.0441861 -0.0146324 -0.0186564 -0.0231795 -0.0126016 -0.0234901 -0.0224555 -0.0369353 -0.0236469 -0.0329304 -0.0323515 -0.0463309 -0.0269058 -0.0448414 -0.0458331 -0.0478475 -0.0246836 -0.0356984 -0.0347593 -0.0404889 -0.0451136 -0.0475431 -0.0221428 -0.0372400 -0.0304653 -0.0259545 -0.0157334 -0.0257539 -0.0342203 -0.0264881 -0.0178080 -0.0256441 -0.0292659 -0.0344740 -0.0415571 -0.0314259 -0.0256687 -0.0380325 -0.0390279 -0.0004810 -0.0282736 -0.0231065 -0.0363676 -0.0369615 -0.0265277 -0.0058153 -0.0284974 -0.0204802 0.0100453 0.0123323 0.0126145 0.0143237 0.0136983 0.0117064 0.0116204 0.0140857 0.0129416 0.0150916 0.0116050 0.0117599 0.0136163 0.0110915 0.0137217 0.0126956 0.0068194 0.0126747
0.0710660 0.0697301 0.0726286 0.0674941 0.0793573 0.0713438 0.0732363 0.0786018 0.0742506 0.0740811 0.0818249 0.0807028 0.0755375 0.0774653 0.0654267 0.0626608 0.0356275 0.0626003 0.0738288 0.0950149 0.0723743 0.9949051 0.0841515 0.0808191 -0.0165262 -0.0064295 -0.0069372 -0.0093481 -0.0177793 -0.0274208 -0.0193193 -0.0304425 -0.0119289 0.0093331 -0.0161397 -0.0092575 -0.0092656 -0.0033776 -0.0064539 -0.0031818 -0.0070367 -0.0243584 -0.0133799 -0.0080168 0.0080983 -0.0177420 -0.0216096 -0.0001308 -0.0171887 -0.0065907 0.0064735 -0.0232594 0.0122802 -0.0202463 -0.0318422 -0.0255227 -0.0309874 -0.0119910 0.0018844 -0.0077377 -0.0061796 0.0011279 0.0005573 -0.0088898 -0.0261248 -0.0449926 -0.0531604 -0.0001746 -0.0656485 -0.0154441 -0.0572602 -0.0490050 -0.0277027 -0.0018880 -0.0139475 -0.0213304 -0.0209166 -0.0032018 0.0006977 -0.0519640 -0.0689796 -0.0549292 -0.0435132 -0.0168665 -0.0581623 -0.0330068 -0.0403991 -0.0251839 -0.0370875 0.0422824 0.0442693 -0.0233569 -0.0293490 -0.0524531 -0.0361697 -0.0569182 -0.0561739 -0.0592659 -0.0539910 -0.0541589 -0.0578995 -0.0538778 -0.0540650 -0.0562877 -0.0517653 -0.0540936 -0.0535476 -0.0517867 -0.0537384 -0.0510609 -0.0557166 -0.0567213 -0.0548257
0.0495223 0.0518012 0.0542899 0.0501698 0.0612805 0.0552946 0.0566496 0.0596234 0.0609181 0.0596199 0.0665478 0.0649041 0.0598661 0.0593090 0.0448884 0.0469791 0.0473731 0.0609534 0.0652042 0.0916509 0.0693128 0.0841515 0.9864689 0.0714700 -0.0187717 -0.0214551 -0.0180893 -0.0219304 -0.0240413 -0.0316054 -0.0235991 -0.0326161 -0.0230987 -0.0038498 -0.0253832 -0.0223922 -0.0207509 -0.0194938 -0.0186649 -0.0183189 -0.0060242 -0.0232346 -0.0270578 -0.0148239 -0.0075134 -0.0173951 -0.0255525 -0.0262801 -0.0258948 -0.0160561 -0.0072241 -0.0181859 -0.0152232 -0.0201080 -0.0360368 -0.0258949 -0.0359166 -0.0143021 -0.0179960 -0.0161674 -0.0224212 -0.0189995 -0.0182731 -0.0291170 -0.0368803 -0.0383502 -0.0515542 -0.0266607 -0.0608850 -0.0228059 -0.0554288 -0.0396382 -0.0331599 -0.0075355 -0.0249248 -0.0284808 -0.0243096 -0.0252993 -0.0157439 -0.0360795 -0.0538157 -0.0448334 -0.0394896 -0.0206937 -0.0455754 -0.0354305 -0.0193335 -0.0210702 -0.0279915 -0.0174440 -0.0168729 -0.0350628 -0.0161297 -0.0476479 -0.0220101 -0.0053228 -0.0033941 -0.0074417 -0.0001235 -0.0043235 -0.0029062 -0.0031408 -0.0016602 -0.0028850 0.0009408 -0.0036594 -0.0035894 -0.0009689 -0.0012350 -0.0000016 -0.0028205 -0.0066528 0.0004859
0.0538578 0.0487228 0.0526262 0.0513416 0.0585334 0.0535432 0.0506568 0.0532538 0.0563747 0.0583063 0.0615367 0.0590390 0.0554004 0.0581418 0.0440821 0.0468304 0.0571473 0.0569085 0.0651871 0.0703125 0.0694995 0.0808191 0.0714700 0.9721485 -0.0087499 -0.0046153 -0.0095946 -0.0089892 -0.0151379 -0.0222307 -0.0181170 -0.0212785 -0.0159253 0.0032197 -0.0201104 -0.0097933 -0.0088897 -0.0055569 -0.0048294 -0.0101085 -0.0004946 -0.0187852 -0.0185470 -0.0075810 0.0045041 -0.0097000 -0.0125064 -0.0205716 -0.0194010 -0.0105674 -0.0024495 -0.0125306 -0.0108054 -0.0146402 -0.0194910 -0.0209003 -0.0247761 -0.0178958 -0.0180001 -0.0205884 -0.0159929 -0.0188859 -0.0197697 -0.0187175 -0.0264352 -0.0338269 -0.0397111 -0.0198994 -0.0433167 -0.0098532 -0.0368920 -0.0284965 -0.0199243 -0.0094216 -0.0173938 -0.0174901 -0.0158177 -0.0112117 -0.0180464 -0.0377236 -0.0528600 -0.0415390 -0.0270621 -0.0206825 -0.0348233 -0.0322687 -0.0228310 -0.0277790 -0.0337507 0.0028051 0.0025254 -0.0260252 -0.0197859 -0.0366610 -0.0265795 -0.0347111 -0.0331065 -0.0363009 -0.0308111 -0.0306169 -0.0325806 -0.0310673 -0.0299302 -0.0310785 -0.0303037 -0.0324541 -0.0304536 -0.0341452 -0.0323547 -0.0307707 -0.0323886 -0.0354024 -0.0321420
0.0673323 0.0690369 0.0675764 0.0682622 0.0684518 0.0720798 0.0704099 0.0705756 0.0717932 0.0670995 0.0633880 0.0653538 0.0671207 0.0681312 0.0700990 0.0737545 -0.0100832 0.0005459 -0.0036771 -0.0225815 -0.0197921 -0.0165262 -0.0187717 -0.0087499 0.8482086 0.0786551 0.0841403 0.0938637 0.1054848 0.1190651 0.1197062 0.1029050 0.0851920 0.0565586 0.0708294 0.0864485 0.0735519 0.0707127 0.0724565 0.0795460 0.0587326 0.0616670 0.0694278 0.0604279 0.0634538 0.0752981 0.0633203 0.0405383 0.0005050 0.0371800 0.0182669 0.0270166 0.0161185 0.0467041 0.0428276 0.0294174 0.0226524 0.0228147 0.0435352 0.0324592 0.0375569 0.0219155 0.0214470 0.0510772 0.0446534 0.0716115 0.0552625 0.0428152 0.0660723 0.0707318 0.0578236 0.0312094 0.0200394 0.0376909 0.0351348 0.0447139 0.0274410 0.0016172 0.0203183 -0.0272360 -0.0365213 0.0462192 0.0450752 0.0422550 0.0073850 0.0266075 -0.1027425 0.0266678 -0.0069640 -0.0370417 -0.0394549 0.0392761 -0.0575875 0.0404067 -0.0826809 -0.2596637 -0.2657426 -0.2593416 -0.2596813 -0.2592606 -0.2577599 -0.2584574 -0.2631346 -0.2625416 -0.2688656 -0.2671565 -0.2673299 -0.2701445 -0.2704091 -0.2709312 -0.2673848 -0.2712164 -0.2694671
0.0641968 0.0660059 0.0648464 0.0633518 0.0628724 0.0671073 0.0662774 0.0669306 0.0631953 0.0617338 0.0580002 0.0585006 0.0621975 0.0568499 0.0671052 0.0716647 -0.0168531 -0.0104857 -0.0064274 -0.0207751 -0.0202620 -0.0064295 -0.0214551 -0.0046153 0.0786551 0.8560466 0.1116679 0.0705415 0.0848521 0.0784397 0.0872299 0.0817394 0.0856717 0.0568093 0.0657801 0.0857759 0.0704105 0.0695623 0.0735312 0.0783794 0.0567187 0.0661971 0.0655754 0.0513666 0.0552985 0.0747021 0.0630326 0.0507046 0.0000785 0.0465919 0.0306829 0.0224657 0.0358286 0.0484424 0.0525664 0.0175956 0.0277573 0.0304897 0.0698102 0.0429155 0.0822634 0.0687385 0.0677860 0.0517296 0.0444557 0.0557443 0.0390903 0.0510673 0.0436170 0.0668067 0.0430203 0.0230681 0.0243405 0.0424268 0.0451066 0.0403882 0.0335167 0.0026375 0.0296417 -0.0318853 -0.0414105 0.0468901 0.0320909 0.0475029 0.0045055 0.0320169 -0.1133078 0.0260205 -0.0117488 -0.0202617 -0.0206105 0.0367066 -0.0557595 0.0269203 -0.0779343 -0.2534576 -0.2604647 -0.2572713 -0.2541758 -0.2563235 -0.2532831 -0.2577509 -0.2588922 -0.2588156 -0.2632619 -0.2619438 -0.2629865 -0.2630472 -0.2620408 -0.2663494 -0.2634547 -0.2637022 -0.2641463
0.0678295 0.0714302 0.0727015 0.0699387 0.0708805 0.0728050 0.0727779 0.0718614 0.0713839 0.0673799 0.0653142 0.0680526 0.0723850 0.0660622 0.0749939 0.0767406 -0.0125335 -0.0029573 -0.0002941 -0.0191343 -0.0122829 -0.0069372 -0.0180893 -0.0095946 0.0841403 0.1116679 0.8508646 0.0774698 0.0815535 0.0887539 0.0871675 0.0890379 0.0817928 0.0565297 0.0672827 0.0807658 0.0751304 0.0681840 0.0733787 0.0782452 0.0595097 0.0653166 0.0678065 0.0581316 0.0587516 0.0725236 0.0657077 0.0456924 -0.0022476 0.0419099 0.0205541 0.0272737 0.0249221 0.0425823 0.0456791 0.0179701 0.0236854 0.0311045 0.0583850 0.0446008 0.0649351 0.0514977 0.0504319 0.0557021 0.0481467 0.0572705 0.0462549 0.0457844 0.0511707 0.0705898 0.0542353 0.0261128 0.0170387 0.0410126 0.0427127 0.0441234 0.0285413 -0.0006675 0.0264215 -0.0402701 -0.0427090 0.0483106 0.0363568 0.0414335 0.0092135 0.0280877 -0.1045475 0.0225087 -0.0108842 -0.0334581 -0.0350988 0.0345332 -0.0551537 0.0354231 -0.0776738 -0.2597225 -0.2655281 -0.2610649 -0.2578825 -0.2606720 -0.2567773 -0.2603338 -0.2613186 -0.2630640 -0.2665730 -0.2656082 -0.2680261 -0.2676724 -0.2681058 -0.2692129 -0.2667443 -0.2695611 -0.2678878
0.0526169 0.0562369 0.0595981 0.0583950 0.0552172 0.0579731 0.0589756 0.0574829 0.0593357 0.0571867 0.0543333 0.0554948 0.0572903 0.0562694 0.0608512 0.0620749 -0.0087994 -0.0084489 -0.0103604 -0.0246145 -0.0227826 -0.0093481 -0.0219304 -0.0089892 0.0938637 0.0705415 0.0774698 0.8623403 0.1071396 0.0911946 0.0890506 0.1030321 0.0686149 0.0505903 0.0599664 0.0788869 0.0713812 0.0638223 0.0674101 0.0615975 0.0636660 0.0674229 0.0642211 0.0503105 0.0522470 0.0775422 0.0725974 0.0439029 -0.0075610 0.0335939 0.0287139 0.0277722 0.0270539 0.0508308 0.0437808 0.0117925 0.0279122 0.0257226 0.0652255 0.0367078 0.0735824 0.0661271 0.0663096 0.0454587 0.0376699 0.0538863 0.0350257 0.0447126 0.0475484 0.0660544 0.0425278 0.0304185 0.0275183 0.0324707 0.0367195 0.0419585 0.0297635 -0.0037132 0.0203145 -0.0349282 -0.0377194 0.0449830 0.0328668 0.0411270 0.0014600 0.0254447 -0.0951901 0.0212579 -0.0195350 -0.0470469 -0.0484718 0.0221469 -0.0578771 0.0272585 -0.0773652 -0.2365393 -0.2417464 -0.2398261 -0.2351511 -0.2358474 -0.2335471 -0.2371616 -0.2395086 -0.2413074 -0.2465160 -0.2427398 -0.2442383 -0.2452430 -0.2437597 -0.2465894 -0.2436004 -0.2470901 -0.2466585
0.0565094 0.0599757 0.0586391 0.0589314 0.0567217 0.0611107 0.0595657 0.0586479 0.0594546 0.0564700 0.0551994 0.0554501 0.0588477 0.0577719 0.0629842 0.0660175 -0.0179442 -0.0049780 -0.0108345 -0.0271044 -0.0258474 -0.0177793 -0.0240413 -0.0151379 0.1054848 0.0848521 0.0815535 0.1071396 0.8569359 0.1011341 0.0956349 0.1103959 0.0753583 0.0542199 0.0633196 0.0790897 0.0689177 0.0692293 0.0725567 0.0699986 0.0594447 0.0582897 0.0649586 0.0530949 0.0525686 0.0715570 0.0613213 0.0463539 0.0076778 0.0375263 0.0279138 0.0176502 0.0292024 0.0498631 0.0464990 0.0182374 0.0268628 0.0324311 0.0638610 0.0386941 0.0744433 0.0626331 0.0619820 0.0531260 0.0423294 0.0607217 0.0442590 0.0459504 0.0494102 0.0681786 0.0479465 0.0301066 0.0223782 0.0395629 0.0397350 0.0417944 0.0308476 -0.0000585 0.0274679 -0.0310963 -0.0352970 0.0491751 0.0322301 0.0444910 0.0036982 0.0226197 -0.1021283 0.0197060 -0.0113527 -0.0327125 -0.0334565 0.0299834 -0.0574181 0.0303410 -0.0770421 -0.2446606 -0.2523554 -0.2482895 -0.2467425 -0.2473893 -0.2446696 -0.2478071 -0.2512099 -0.2509389 -0.2546231 -0.2552987 -0.2541249 -0.2559864 -0.2558371 -0.2570027 -0.2557028 -0.2568478 -0.2567923
0.0531086 0.0565692 0.0576925 0.0553639 0.0532694 0.0590245 0.0592645 0.0557477 0.0572634 0.0521514 0.0490951 0.0501462 0.0543002 0.0507129 0.0606757 0.0625425 -0.0184018 -0.0140176 -0.0180116 -0.0361080 -0.0351046 -0.0274208 -0.0316054 -0.0222307 0.1190651 0.0784397 0.0887539 0.0911946 0.1011341 0.8569717 0.1195435 0.1031667 0.0773438 0.0566969 0.0712701 0.0841960 0.0764660 0.0807508 0.0726995 0.0787379 0.0591396 0.0677344 0.0757075 0.0598237 0.0614872 0.0765098 0.0693057 0.0569080 0.0042529 0.0388218 0.0223285 0.0291781 0.0268267 0.0497253 0.0581411 0.0232957 0.0256174 0.0298617 0.0565026 0.0371816 0.0653447 0.0522685 0.0527033 0.0584628 0.0468494 0.0700821 0.0549037 0.0580194 0.0677147 0.0773578 0.0606031 0.0334042 0.0295492 0.0370567 0.0371925 0.0543924 0.0295079 0.0034904 0.0274633 -0.0282089 -0.0297152 0.0581192 0.0446682 0.0452339 0.0139651 0.0352967 -0.1053312 0.0286844 -0.0087465 -0.0326104 -0.0339879 0.0386024 -0.0549026 0.0407182 -0.0790495 -0.2560195 -0.2640280 -0.2583458 -0.2573180 -0.2579148 -0.2547354 -0.2575924 -0.2605051 -0.2603861 -0.2661632 -0.2649102 -0.2653869 -0.2652805 -0.2676208 -0.2669342 -0.2665394 -0.2681710 -0.2677505
0.0648065 0.0672781 0.0695207 0.0655616 0.0667573 0.0655824 0.0679776 0.0672772 0.0662021 0.0622261 0.0608911 0.0614269 0.0645114 0.0605581 0.0713305 0.0733699 -0.0204385 -0.0099944 -0.0123469 -0.0335340 -0.0252806 -0.0193193 -0.0235991 -0.0181170 0.1197062 0.0872299 0.0871675 0.0890506 0.0956349 0.1195435 0.8539701 0.1022737 0.0876700 0.0617482 0.0737291 0.0923262 0.0817206 0.0826107 0.0827759 0.0846649 0.0659182 0.0675552 0.0789139 0.0627506 0.0647667 0.0856068 0.0698541 0.0590193 -0.0021297 0.0502116 0.0277727 0.0349665 0.0324845 0.0519415 0.0589172 0.0284683 0.0237213 0.0288376 0.0661229 0.0387709 0.0590196 0.0443562 0.0442022 0.0546782 0.0522259 0.0707391 0.0568280 0.0600271 0.0654732 0.0838908 0.0593204 0.0290858 0.0278482 0.0457691 0.0455919 0.0459183 0.0311800 0.0030895 0.0275584 -0.0301628 -0.0378327 0.0527513 0.0441573 0.0484359 0.0093594 0.0326376 -0.1103678 0.0309355 -0.0077816 -0.0212992 -0.0221517 0.0432839 -0.0643047 0.0500158 -0.0854879 -0.2761258 -0.2829789 -0.2760943 -0.2762034 -0.2763516 -0.2731206 -0.2773195 -0.2793315 -0.2808438 -0.2848150 -0.2842614 -0.2842654 -0.2848287 -0.2861077 -0.2858699 -0.2864220 -0.2865573 -0.2855524
0.0499980 0.0555048 0.0533724 0.0527259 0.0508858 0.0536491 0.0544668 0.0537454 0.0561004 0.0508429 0.0455144 0.0491693 0.0530219 0.0494147 0.0565249 0.0639128 -0.0210000 -0.0165447 -0.0214079 -0.0411311 -0.0352642 -0.0304425 -0.0326161 -0.0212785 0.1029050 0.0817394 0.0890379 0.1030321 0.1103959 0.1031667 0.1022737 0.8604300 0.0823596 0.0514198 0.0639192 0.0876848 0.0738417 0.0674817 0.0737727 0.0694960 0.0599995 0.0700959 0.0642763 0.0535812 0.0537435 0.0813611 0.0709289 0.0366957 -0.0033382 0.0371341 0.0178921 0.0361906 0.0153546 0.0565247 0.0539527 0.0244152 0.0279009 0.0336856 0.0562397 0.0448317 0.0691884 0.0621712 0.0621940 0.0441135 0.0386860 0.0668000 0.0572552 0.0379018 0.0638952 0.0731706 0.0658206 0.0405153 0.0272822 0.0331468 0.0356725 0.0541615 0.0372453 -0.0033011 0.0229368 -0.0240124 -0.0267901 0.0590833 0.0382796 0.0451480 0.0135232 0.0318764 -0.0916892 0.0206141 -0.0069204 -0.0756935 -0.0767105 0.0283520 -0.0465122 0.0489852 -0.0754264 -0.2429016 -0.2481760 -0.2427004 -0.2425227 -0.2422615 -0.2400840 -0.2434277 -0.2458860 -0.2461369 -0.2500942 -0.2492887 -0.2515089 -0.2523859 -0.2533243 -0.2533513 -0.2524604 -0.2537251 -0.2521243
0.0668196 0.0666575 0.0688636 0.0679299 0.0663283 0.0699964 0.0706875 0.0705201 0.0680350 0.0662220 0.0618233 0.0638108 0.0683360 0.0623824 0.0714068 0.0780447 -0.0248685 -0.0078260 -0.0111257 -0.0227929 -0.0305909 -0.0119289 -0.0230987 -0.0159253 0.0851920 0.0856717 0.0817928 0.0686149 0.0753583 0.0773438 0.0876700 0.0823596 0.8539390 0.0635865 0.0787737 0.0976069 0.0782831 0.0873793 0.0912095 0.0902166 0.0609764 0.0702118 0.0815725 0.0637979 0.0659741 0.0726314 0.0642102 0.0722499 0.0045451 0.0596295 0.0366675 0.0241235 0.0415132 0.0494187 0.0544763 0.0267309 0.0298275 0.0333260 0.0767288 0.0417273 0.0740259 0.0634888 0.0620894 0.0654045 0.0581098 0.0659316 0.0542237 0.0709257 0.0555825 0.0764459 0.0537160 0.0267283 0.0243481 0.0516956 0.0481057 0.0460285 0.0350318 0.0117244 0.0306272 -0.0326114 -0.0402726 0.0468394 0.0388989 0.0478680 0.0071697 0.0373655 -0.1189218 0.0359786 -0.0047411 0.0051739 0.0045449 0.0435827 -0.0663091 0.0313744 -0.0738595 -0.2813681 -0.2842991 -0.2822433 -0.2814196 -0.2806951 -0.2782631 -0.2806060 -0.2844743 -0.2849555 -0.2902414 -0.2886531 -0.2896153 -0.2896147 -0.2906747 -0.2911464 -0.2885832 -0.2893229 -0.2904055
0.0572123 0.0590525 0.0593649 0.0579876 0.0585854 0.0578621 0.0607704 0.0601798 0.0583014 0.0566472 0.0555326 0.0565180 0.0578415 0.0569906 0.0589270 0.0588164 -0.0091120 0.0059659 0.0053185 -0.0002436 -0.0081239 0.0093331 -0.0038498 0.0032197 0.0565586 0.0568093 0.0565297 0.0505903 0.0542199 0.0566969 0.0617482 0.0514198 0.0635865 0.9267576 0.0515619 0.0616629 0.0556888 0.0572778 0.0597787 0.0585675 0.0420598 0.0425147 0.0567179 0.0445862 0.0481525 0.0497916 0.0445931 0.0568892 0.0069365 0.0430406 0.0307302 0.0133895 0.0360816 0.0313471 0.0371752 0.0192758 0.0192895 0.0225601 0.0493111 0.0290933 0.0474961 0.0390431 0.0385143 0.0489337 0.0433461 0.0422349 0.0336538 0.0576553 0.0340413 0.0524575 0.0340977 0.0123807 0.0188062 0.0369888 0.0356704 0.0286876 0.0213900 0.0139035 0.0245025 -0.0272432 -0.0334429 0.0259763 0.0263051 0.0327399 0.0030459 0.0210199 -0.0854073 0.0244813 -0.0034688 0.0399238 0.0393820 0.0355008 -0.0470455 0.0223638 -0.0551993 -0.1992422 -0.2035620 -0.2008922 -0.1996745 -0.1988697 -0.1972051 -0.1992038 -0.2015063 -0.2029161 -0.2065070 -0.2053079 -0.2065917 -0.2061791 -0.2071503 -0.2082958 -0.2068301 -0.2080726 -0.2071531
