0.1298041 0.0000999 0.8700960
0.1118123 0.0000996 0.8880881
0.0773807 0.0000996 0.9225197
0.1586279 0.0000997 0.8412724
0.0511410 0.0000998 0.9487591
0.0574788 0.0000999 0.9424214
0.0501326 0.0000995 0.9497678
0.0436481 0.0000996 0.9562523
0.0374577 0.0000998 0.9624424
0.0364507 0.0023466 0.9612027
0.0158403 0.0075365 0.9766232
0.0001000 0.0035778 0.9963222
0.0352421 0.0000999 0.9646581
0.0394480 0.0019738 0.9585782
0.1835397 0.0000995 0.8163608
0.1659396 0.0000994 0.8339610
0.0660597 0.2493441 0.6845961
0.0529331 0.1996216 0.7474452
0.0002584 0.2037766 0.7959650
0.0000999 0.2265430 0.7733570
0.0000999 0.2492848 0.7506152
0.0000999 0.1895625 0.8103375
0.0000999 0.2328589 0.7670412
0.0391758 0.2117271 0.7490971
0.6579852 0.0000990 0.3419159
0.6951177 0.0000992 0.3047831
0.6490036 0.0000991 0.3508973
0.6903152 0.0010241 0.3086607
0.7136506 0.0000995 0.2862498
0.7642915 0.0000990 0.2356095
0.7303987 0.0000982 0.2695031
0.7398040 0.0000994 0.2600966
0.7315579 0.0000980 0.2683440
0.6202373 0.0428819 0.3368808
0.7327982 0.0060440 0.2611578
0.6908153 0.0000982 0.3090865
0.7057253 0.0000994 0.2941753
0.7176664 0.0000994 0.2822342
0.6834203 0.0000988 0.3164809
0.6959978 0.0000991 0.3039032
0.5661907 0.0352067 0.3986026
0.6859236 0.0264552 0.2876212
0.7928197 0.0000997 0.2070806
0.6323413 0.0366677 0.3309909
0.5666922 0.0236794 0.4096284
0.6628195 0.0015484 0.3356321
0.6813846 0.0256803 0.2929351
0.9127926 0.0053205 0.0818869
0.6391615 0.1952620 0.1655765
0.7154847 0.0521176 0.2323977
0.6806013 0.0992083 0.2201904
0.5827674 0.1457310 0.2715016
0.7533876 0.0840948 0.1625176
0.6299585 0.0795835 0.2904580
0.7877017 0.0595189 0.1527794
0.6351864 0.1427345 0.2220791
0.7487129 0.1300652 0.1212219
0.6879023 0.1173584 0.1947392
0.8708468 0.0000999 0.1290532
0.7103269 0.0829137 0.2067594
0.8672188 0.0000995 0.1326818
0.9132310 0.0122859 0.0744831
0.9150051 0.0137413 0.0712535
0.7930037 0.0302393 0.1767569
0.8441755 0.0520294 0.1037951
0.7621054 0.0362412 0.2016533
0.8352144 0.0759595 0.0888261
0.9104082 0.0028489 0.0867429
0.8971341 0.0670804 0.0357855
0.7316288 0.0028759 0.2654953
0.8341716 0.0694056 0.0964228
0.7071211 0.1491913 0.1436875
0.7116582 0.1363925 0.1519492
0.6600010 0.0685864 0.2714126
0.7590011 0.0717782 0.1692207
0.6810924 0.0852826 0.2336249
0.6869966 0.1131834 0.1998200
0.7023754 0.1724246 0.1252001
0.6666395 0.1145633 0.2187972
0.6595526 0.3254679 0.0149795
0.6566356 0.3432643 0.0001001
0.8201874 0.0926200 0.0871925
0.7474034 0.1086058 0.1439908
0.7553812 0.0738995 0.1707193
0.7643042 0.2011580 0.0345378
0.7764130 0.1251764 0.0984106
0.2973079 0.5412555 0.1614366
0.7684569 0.1214450 0.1100981
0.6890097 0.2341342 0.0768561
0.8625038 0.1373960 0.0001001
0.8602647 0.1396352 0.0001001
0.7900343 0.0851788 0.1247869
0.3974932 0.3916870 0.2108198
0.7885510 0.1186307 0.0928183
0.5189928 0.4363151 0.0446922
0.0141568 0.9857432 0.0001000
0.0032512 0.9966488 0.0001000
0.0104358 0.9894642 0.0001000
0.0066382 0.9877936 0.0055682
0.0139655 0.9859345 0.0001000
0.0194340 0.9804660 0.0001000
0.0137315 0.9861685 0.0001000
0.0060404 0.9930788 0.0008808
0.0028127 0.9949307 0.0022566
0.0001000 0.9998000 0.0001000
0.0001000 0.9998000 0.0001000
0.0001000 0.9998000 0.0001000
0.0001000 0.9998000 0.0001000
0.0001000 0.9998000 0.0001000
0.0001000 0.9998000 0.0001000
0.0001000 0.9998000 0.0001000
0.0001000 0.9998000 0.0001000
0.0001000 0.9998000 0.0001000
