0.8778698 0.1782075 0.1445977 0.1654231 0.1497910 0.1437206 0.1478332 0.1533621 0.1473668 0.1441010 0.1453733 0.1525785 0.1425818 0.1412092 0.1347795 0.1369578 0.0306788 0.0530374 0.0549965 0.0504940 0.0458009 0.0702558 0.0487049 0.0532909 0.0687378 0.0641496 0.0682511 0.0525724 0.0566672 0.0537949 0.0655251 0.0504317 0.0672638 0.0565361 0.0527422 0.0693061 0.0610195 0.0605405 0.0688553 0.0633824 0.0522429 0.0442719 0.0496466 0.0491211 0.0642089 0.0580591 0.0481917 0.0361025 -0.0136229 0.0361058 0.0189244 0.0069556 0.0166825 0.0305213 0.0194067 0.0086320 -0.0024694 0.0072147 0.0378170 0.0199574 0.0376632 0.0203059 0.0188263 0.0396354 0.0174024 0.0357000 0.0080994 0.0371633 0.0044189 0.0517396 0.0113904 -0.0093064 -0.0020861 0.0337179 0.0175602 0.0185675 0.0113995 -0.0103855 0.0115007 -0.0712440 -0.0816247 -0.0006424 0.0050960 0.0174717 -0.0325444 -0.0077132 -0.1229172 -0.0001534 -0.0357860 -0.0162786 -0.0165814 0.0130315 -0.0679457 -0.0028871 -0.1036803 -0.2738692 -0.2769127 -0.2759410 -0.2737661 -0.2734038 -0.2726687 -0.2731349 -0.2741909 -0.2756040 -0.2773284 -0.2795446 -0.2783834 -0.2783174 -0.2792876 -0.2797073 -0.2784755 -0.2821014 -0.2780617
0.1782075 0.8849310 0.1474359 0.1749843 0.1516132 0.1503045 0.1528554 0.1554610 0.1500058 0.1480721 0.1512234 0.1543762 0.1511036 0.1462344 0.1377231 0.1418191 0.0275792 0.0568297 0.0597463 0.0534173 0.0423503 0.0691193 0.0511756 0.0483524 0.0705653 0.0659072 0.0718656 0.0561219 0.0601133 0.0573118 0.0680500 0.0559190 0.0670315 0.0583326 0.0533069 0.0713888 0.0619903 0.0643148 0.0723449 0.0671801 0.0560265 0.0464701 0.0506768 0.0533609 0.0655298 0.0608779 0.0458195 0.0326730 -0.0147122 0.0406852 0.0190223 0.0069695 0.0172760 0.0302049 0.0204659 0.0085379 -0.0044447 0.0091484 0.0400109 0.0222028 0.0376099 0.0239559 0.0228212 0.0398669 0.0207998 0.0373627 0.0119824 0.0343728 0.0043084 0.0533737 0.0122880 -0.0090717 -0.0016487 0.0334197 0.0185524 0.0245213 0.0097201 -0.0125724 0.0140033 -0.0751874 -0.0830007 -0.0001612 0.0051639 0.0160269 -0.0361227 -0.0059600 -0.1253770 0.0027238 -0.0376966 -0.0215284 -0.0229653 0.0143131 -0.0706096 0.0009638 -0.1050483 -0.2822364 -0.2862071 -0.2838876 -0.2817852 -0.2823257 -0.2823838 -0.2813943 -0.2857278 -0.2850055 -0.2867085 -0.2863877 -0.2889003 -0.2867350 -0.2880046 -0.2874426 -0.2876053 -0.2912099 -0.2872494
0.1445977 0.1474359 0.8803759 0.1441322 0.1895182 0.1829198 0.2009337 0.1907903 0.1539937 0.1527851 0.1541166 0.1570480 0.1532398 0.1503521 0.1425193 0.1445995 0.0352706 0.0556862 0.0645849 0.0517758 0.0473247 0.0723342 0.0537551 0.0523057 0.0688373 0.0648290 0.0730533 0.0595580 0.0587808 0.0582332 0.0701357 0.0537270 0.0692499 0.0586138 0.0554071 0.0747041 0.0659213 0.0611153 0.0714013 0.0692722 0.0602148 0.0495311 0.0487646 0.0505964 0.0687426 0.0650575 0.0483947 0.0317112 -0.0186959 0.0347786 0.0217254 0.0057912 0.0174603 0.0304971 0.0195130 0.0080623 -0.0020602 0.0067318 0.0352908 0.0203031 0.0370999 0.0203781 0.0203174 0.0340151 0.0146768 0.0305688 0.0077703 0.0328232 0.0021634 0.0496384 0.0101988 -0.0087127 -0.0029135 0.0347841 0.0202058 0.0206566 0.0088974 -0.0149298 0.0126685 -0.0789892 -0.0903376 -0.0003629 0.0066150 0.0153788 -0.0374094 -0.0063178 -0.1246786 -0.0065568 -0.0405055 -0.0232067 -0.0240690 0.0113857 -0.0730963 -0.0027940 -0.1099833 -0.2847954 -0.2888883 -0.2876101 -0.2834373 -0.2834258 -0.2829275 -0.2845336 -0.2852645 -0.2876887 -0.2892469 -0.2899639 -0.2908698 -0.2896937 -0.2900389 -0.2909253 -0.2900945 -0.2940093 -0.2912758
0.1654231 0.1749843 0.1441322 0.8858802 0.1447501 0.1442632 0.1442864 0.1504867 0.1456515 0.1400605 0.1457878 0.1468233 0.1400862 0.1410205 0.1334544 0.1365578 0.0304532 0.0530980 0.0573818 0.0484667 0.0405136 0.0664087 0.0492221 0.0507058 0.0699751 0.0633906 0.0704973 0.0584580 0.0592376 0.0562447 0.0665058 0.0534023 0.0684048 0.0572733 0.0544906 0.0688816 0.0621319 0.0646783 0.0699745 0.0662498 0.0552553 0.0473691 0.0549648 0.0533946 0.0673712 0.0603261 0.0467088 0.0360251 -0.0127397 0.0389580 0.0233800 0.0060036 0.0180110 0.0308049 0.0235805 0.0087835 -0.0007909 0.0108417 0.0393947 0.0237803 0.0361014 0.0217444 0.0218368 0.0407582 0.0221460 0.0338150 0.0085750 0.0383164 0.0050448 0.0541419 0.0125133 -0.0057513 -0.0021093 0.0344174 0.0208172 0.0208476 0.0106307 -0.0094010 0.0135470 -0.0725249 -0.0814124 0.0010547 0.0099899 0.0192081 -0.0340130 -0.0070191 -0.1241162 0.0009775 -0.0367381 -0.0159080 -0.0157529 0.0164701 -0.0692931 -0.0002378 -0.1018817 -0.2767763 -0.2796610 -0.2771370 -0.2748782 -0.2765431 -0.2748212 -0.2757271 -0.2778324 -0.2785894 -0.2814609 -0.2810713 -0.2818246 -0.2814449 -0.2812512 -0.2812217 -0.2803135 -0.2851944 -0.2798007
0.1497910 0.1516132 0.1895182 0.1447501 0.8930506 0.1977405 0.2030710 0.2006140 0.1566527 0.1546135 0.1570933 0.1610944 0.1552141 0.1531672 0.1423611 0.1477678 0.0345558 0.0626870 0.0652995 0.0592200 0.0517482 0.0782316 0.0601223 0.0577242 0.0703060 0.0628485 0.0714533 0.0552098 0.0569856 0.0542681 0.0677684 0.0514837 0.0668870 0.0579141 0.0499706 0.0718560 0.0609916 0.0615104 0.0724346 0.0650357 0.0610388 0.0467042 0.0467910 0.0514656 0.0679254 0.0598444 0.0477757 0.0273906 -0.0163467 0.0358503 0.0179628 0.0079546 0.0138751 0.0299562 0.0165106 0.0061082 -0.0056642 0.0057300 0.0332182 0.0136769 0.0340334 0.0201655 0.0167001 0.0347816 0.0177100 0.0328035 0.0054899 0.0282727 0.0000320 0.0533274 0.0070872 -0.0134220 -0.0066488 0.0336160 0.0184173 0.0199786 0.0064430 -0.0165645 0.0109295 -0.0800192 -0.0923981 -0.0036492 0.0019468 0.0127602 -0.0375647 -0.0080557 -0.1250094 -0.0061663 -0.0399228 -0.0220342 -0.0225133 0.0116665 -0.0723224 -0.0083742 -0.1066599 -0.2832473 -0.2853683 -0.2835531 -0.2802765 -0.2812311 -0.2803408 -0.2814802 -0.2820782 -0.2826666 -0.2851918 -0.2876797 -0.2875246 -0.2867852 -0.2877488 -0.2870158 -0.2865981 -0.2916318 -0.2863611
0.1437206 0.1503045 0.1829198 0.1442632 0.1977405 0.8881384 0.1956768 0.1937928 0.1541122 0.1525466 0.1546437 0.1603535 0.1516001 0.1506389 0.1414964 0.1465455 0.0354619 0.0569457 0.0635349 0.0541607 0.0477690 0.0720504 0.0553680 0.0536555 0.0726716 0.0670305 0.0728828 0.0578205 0.0610998 0.0591497 0.0657855 0.0535103 0.0702487 0.0571581 0.0501473 0.0704425 0.0588610 0.0575294 0.0662953 0.0657723 0.0601785 0.0482596 0.0501570 0.0500194 0.0677828 0.0616264 0.0491192 0.0257257 -0.0178973 0.0326013 0.0150045 0.0091915 0.0135268 0.0314060 0.0164113 0.0083065 -0.0080290 0.0055741 0.0337764 0.0172476 0.0373352 0.0209536 0.0200523 0.0358669 0.0158995 0.0342613 0.0059234 0.0267590 0.0038830 0.0531620 0.0063037 -0.0110535 -0.0057265 0.0327654 0.0178639 0.0208936 0.0096818 -0.0191698 0.0124575 -0.0784232 -0.0915966 -0.0002144 0.0059175 0.0158634 -0.0387059 -0.0037470 -0.1238348 -0.0068259 -0.0399501 -0.0334880 -0.0349964 0.0102693 -0.0699560 -0.0078301 -0.1059402 -0.2821055 -0.2839868 -0.2841386 -0.2803718 -0.2805936 -0.2797884 -0.2812504 -0.2831398 -0.2821322 -0.2868802 -0.2860771 -0.2865357 -0.2873980 -0.2879602 -0.2860198 -0.2852504 -0.2889541 -0.2876778
0.1478332 0.1528554 0.2009337 0.1442864 0.2030710 0.1956768 0.8867267 0.2075700 0.1568612 0.1559070 0.1582683 0.1633039 0.1546180 0.1564032 0.1417521 0.1491261 0.0315353 0.0583482 0.0655885 0.0582676 0.0482289 0.0734489 0.0562960 0.0505094 0.0712250 0.0661476 0.0728749 0.0587379 0.0594462 0.0594893 0.0682560 0.0543364 0.0710180 0.0600588 0.0549458 0.0737446 0.0607456 0.0631636 0.0727944 0.0716505 0.0603050 0.0462212 0.0504389 0.0521408 0.0674090 0.0602864 0.0482265 0.0304486 -0.0160653 0.0360502 0.0194589 0.0061482 0.0155857 0.0311762 0.0159304 0.0084929 -0.0029427 0.0054892 0.0337967 0.0128832 0.0339011 0.0211876 0.0188376 0.0388165 0.0207657 0.0362571 0.0097334 0.0323700 0.0026049 0.0556910 0.0085272 -0.0116889 -0.0052310 0.0347619 0.0200350 0.0214023 0.0082743 -0.0142042 0.0119157 -0.0795026 -0.0913915 -0.0020915 0.0065043 0.0133332 -0.0375285 -0.0059647 -0.1301591 -0.0064117 -0.0399822 -0.0191365 -0.0202932 0.0110509 -0.0748648 -0.0078171 -0.1111823 -0.2911677 -0.2951830 -0.2928679 -0.2911637 -0.2910446 -0.2886409 -0.2919789 -0.2931703 -0.2928848 -0.2961337 -0.2961050 -0.2981883 -0.2955559 -0.2976676 -0.2966690 -0.2971632 -0.2973493 -0.2965692
0.1533621 0.1554610 0.1907903 0.1504867 0.2006140 0.1937928 0.2075700 0.8954379 0.1616448 0.1568461 0.1614793 0.1684089 0.1568058 0.1583940 0.1467822 0.1496330 0.0357006 0.0593712 0.0704003 0.0600129 0.0519769 0.0795233 0.0597759 0.0534585 0.0708619 0.0667356 0.0716915 0.0570225 0.0583285 0.0555193 0.0670986 0.0531555 0.0707418 0.0594462 0.0525420 0.0733111 0.0618342 0.0626863 0.0720511 0.0684654 0.0610636 0.0458241 0.0501446 0.0529430 0.0661717 0.0623679 0.0466880 0.0299504 -0.0172431 0.0359391 0.0160740 0.0099860 0.0140184 0.0316104 0.0182908 0.0069949 -0.0051716 0.0024081 0.0305583 0.0161781 0.0346184 0.0181375 0.0165298 0.0345070 0.0169298 0.0343406 0.0058179 0.0305992 0.0025526 0.0526633 0.0078742 -0.0111135 -0.0058333 0.0363790 0.0179210 0.0209239 0.0084740 -0.0163583 0.0117708 -0.0801372 -0.0924134 -0.0043533 0.0054411 0.0143679 -0.0358620 -0.0076187 -0.1278566 -0.0030172 -0.0410233 -0.0217363 -0.0228967 0.0115751 -0.0732543 -0.0055945 -0.1077297 -0.2892332 -0.2921322 -0.2901783 -0.2872072 -0.2884327 -0.2873935 -0.2887232 -0.2905836 -0.2912205 -0.2930665 -0.2944674 -0.2937314 -0.2942204 -0.2943359 -0.2944568 -0.2932594 -0.2973830 -0.2938104
0.1473668 0.1500058 0.1539937 0.1456515 0.1566527 0.1541122 0.1568612 0.1616448 0.8957927 0.1884013 0.1976246 0.1947103 0.1913648 0.1857965 0.1491268 0.1542828 0.0362366 0.0613432 0.0666152 0.0626127 0.0507521 0.0760360 0.0615002 0.0569204 0.0717475 0.0629738 0.0711568 0.0588708 0.0590749 0.0568698 0.0658603 0.0553426 0.0681470 0.0576299 0.0502525 0.0707596 0.0603261 0.0601715 0.0677577 0.0656281 0.0595635 0.0423142 0.0463211 0.0557333 0.0699413 0.0618207 0.0513157 0.0280588 -0.0183009 0.0339402 0.0195339 0.0029696 0.0114601 0.0310817 0.0217742 0.0074989 -0.0070239 0.0083070 0.0320620 0.0178112 0.0338377 0.0199519 0.0198003 0.0328861 0.0143492 0.0352684 0.0067674 0.0293150 0.0013051 0.0537381 0.0080575 -0.0102690 -0.0009185 0.0318974 0.0163465 0.0191368 0.0037943 -0.0168337 0.0120105 -0.0794655 -0.0873804 -0.0009723 -0.0008549 0.0167437 -0.0407813 -0.0094222 -0.1211173 -0.0031043 -0.0416806 -0.0364982 -0.0363765 0.0114666 -0.0733072 -0.0056444 -0.1089597 -0.2851197 -0.2873236 -0.2847336 -0.2824347 -0.2825923 -0.2827347 -0.2839399 -0.2853607 -0.2861345 -0.2874942 -0.2892780 -0.2877755 -0.2887417 -0.2893736 -0.2879545 -0.2894115 -0.2941450 -0.2881815
0.1441010 0.1480721 0.1527851 0.1400605 0.1546135 0.1525466 0.1559070 0.1568461 0.1884013 0.8909442 0.1858660 0.1915954 0.1996976 0.1846437 0.1417790 0.1489396 0.0340791 0.0601637 0.0631699 0.0625520 0.0509924 0.0747198 0.0596263 0.0584083 0.0677455 0.0615780 0.0674159 0.0568858 0.0562936 0.0521676 0.0623502 0.0504923 0.0664585 0.0559452 0.0503388 0.0699843 0.0557311 0.0572276 0.0687492 0.0655354 0.0550617 0.0422494 0.0461461 0.0542947 0.0662104 0.0571795 0.0460514 0.0286584 -0.0197215 0.0341836 0.0175280 0.0075098 0.0129200 0.0318083 0.0150041 0.0076380 -0.0069935 0.0045307 0.0303324 0.0158763 0.0317690 0.0169823 0.0145427 0.0307392 0.0159532 0.0323896 0.0042922 0.0292337 -0.0010220 0.0480881 0.0047750 -0.0115533 -0.0032273 0.0297938 0.0142775 0.0179964 0.0039870 -0.0163727 0.0110270 -0.0769070 -0.0897476 -0.0037566 0.0014851 0.0147546 -0.0415394 -0.0079385 -0.1212100 -0.0075093 -0.0412458 -0.0296220 -0.0289538 0.0097983 -0.0711094 -0.0088608 -0.1043349 -0.2779101 -0.2794162 -0.2796886 -0.2746989 -0.2749863 -0.2740717 -0.2770483 -0.2766870 -0.2783332 -0.2799934 -0.2818088 -0.2815470 -0.2801768 -0.2815112 -0.2813530 -0.2808159 -0.2844360 -0.2814535
0.1453733 0.1512234 0.1541166 0.1457878 0.1570933 0.1546437 0.1582683 0.1614793 0.1976246 0.1858660 0.9150813 0.2036284 0.1909808 0.1875805 0.1488688 0.1506924 0.0405015 0.0666843 0.0746696 0.0672236 0.0582406 0.0823117 0.0663192 0.0614007 0.0641454 0.0578408 0.0653898 0.0539781 0.0550471 0.0491666 0.0609639 0.0452072 0.0621701 0.0548540 0.0469913 0.0668528 0.0569472 0.0564012 0.0660721 0.0608884 0.0555236 0.0403451 0.0446447 0.0519250 0.0660607 0.0566591 0.0434870 0.0249259 -0.0181215 0.0311314 0.0187145 0.0023449 0.0114433 0.0260000 0.0148725 0.0057731 -0.0096676 0.0054025 0.0288276 0.0162466 0.0252234 0.0099632 0.0090277 0.0308516 0.0116937 0.0297145 0.0022361 0.0260325 -0.0047163 0.0447368 0.0016539 -0.0162246 -0.0054419 0.0298064 0.0149540 0.0148174 0.0018599 -0.0154002 0.0062821 -0.0781615 -0.0897209 -0.0088141 0.0009027 0.0106307 -0.0438597 -0.0143718 -0.1192522 -0.0069837 -0.0443291 -0.0250715 -0.0247441 0.0109112 -0.0726140 -0.0077866 -0.1059858 -0.2713659 -0.2747248 -0.2733395 -0.2690158 -0.2705598 -0.2703295 -0.2712128 -0.2724048 -0.2725660 -0.2727702 -0.2759580 -0.2759551 -0.2756080 -0.2772518 -0.2754014 -0.2779294 -0.2817191 -0.2757983
0.1525785 0.1543762 0.1570480 0.1468233 0.1610944 0.1603535 0.1633039 0.1684089 0.1947103 0.1915954 0.2036284 0.9086337 0.1960952 0.1911414 0.1462405 0.1562301 0.0377287 0.0659427 0.0709721 0.0655647 0.0539936 0.0820257 0.0652164 0.0593587 0.0654843 0.0582737 0.0678502 0.0550123 0.0551461 0.0498390 0.0612256 0.0484012 0.0640130 0.0558383 0.0517501 0.0708640 0.0586174 0.0561123 0.0673936 0.0623001 0.0580884 0.0409165 0.0475306 0.0517524 0.0684492 0.0563641 0.0472934 0.0244943 -0.0217637 0.0307131 0.0168335 0.0038610 0.0132801 0.0306150 0.0152197 0.0039809 -0.0085169 0.0088047 0.0286191 0.0135348 0.0266420 0.0122883 0.0114337 0.0296561 0.0134148 0.0297309 0.0041920 0.0260120 -0.0032019 0.0496177 0.0054756 -0.0156614 -0.0051894 0.0277253 0.0121289 0.0176723 0.0026459 -0.0198283 0.0097213 -0.0778408 -0.0904875 -0.0074727 -0.0001242 0.0095735 -0.0461164 -0.0120968 -0.1192085 -0.0088254 -0.0438462 -0.0300210 -0.0305016 0.0064899 -0.0702282 -0.0122376 -0.1084067 -0.2793168 -0.2806637 -0.2793182 -0.2764171 -0.2773683 -0.2772662 -0.2780955 -0.2779207 -0.2809874 -0.2797441 -0.2818850 -0.2823233 -0.2822465 -0.2821622 -0.2815781 -0.2831368 -0.2866921 -0.2830372
0.1425818 0.1511036 0.1532398 0.1400862 0.1552141 0.1516001 0.1546180 0.1568058 0.1913648 0.1996976 0.1909808 0.1960952 0.8971539 0.1922663 0.1453008 0.1498409 0.0321170 0.0608702 0.0655795 0.0594859 0.0500119 0.0760252 0.0597300 0.0554340 0.0679423 0.0620679 0.0724994 0.0570247 0.0587704 0.0545068 0.0647987 0.0529128 0.0686228 0.0571422 0.0485775 0.0707068 0.0612273 0.0612278 0.0708630 0.0641514 0.0569908 0.0431929 0.0484372 0.0567432 0.0672203 0.0603665 0.0508303 0.0255877 -0.0190446 0.0349718 0.0149926 0.0091301 0.0161683 0.0276342 0.0191747 0.0061407 -0.0072682 0.0075777 0.0345653 0.0165015 0.0357910 0.0184028 0.0177297 0.0306358 0.0180292 0.0340093 0.0043390 0.0276834 -0.0004029 0.0507226 0.0065153 -0.0102276 -0.0058257 0.0327239 0.0161900 0.0208970 0.0057297 -0.0154307 0.0118433 -0.0806139 -0.0900560 -0.0042421 -0.0000522 0.0159269 -0.0422709 -0.0099327 -0.1233171 -0.0065271 -0.0423658 -0.0332525 -0.0331972 0.0098260 -0.0745595 -0.0064129 -0.1090453 -0.2826602 -0.2857078 -0.2840007 -0.2788126 -0.2799557 -0.2802559 -0.2821359 -0.2827276 -0.2839247 -0.2850533 -0.2877644 -0.2862524 -0.2875410 -0.2883180 -0.2871175 -0.2866340 -0.2920095 -0.2873825
0.1412092 0.1462344 0.1503521 0.1410205 0.1531672 0.1506389 0.1564032 0.1583940 0.1857965 0.1846437 0.1875805 0.1911414 0.1922663 0.9000901 0.1453422 0.1434664 0.0374968 0.0624162 0.0687017 0.0590716 0.0510505 0.0780342 0.0591491 0.0581267 0.0686625 0.0566423 0.0660294 0.0558709 0.0575175 0.0506957 0.0606117 0.0490136 0.0626224 0.0563102 0.0496315 0.0694332 0.0598962 0.0575626 0.0672501 0.0658609 0.0545871 0.0427934 0.0491839 0.0534269 0.0659898 0.0582025 0.0471967 0.0306542 -0.0175071 0.0339189 0.0177632 0.0050526 0.0134414 0.0269199 0.0176334 0.0082114 -0.0091483 0.0064089 0.0326041 0.0160857 0.0312083 0.0141601 0.0134510 0.0341211 0.0168648 0.0309275 0.0037945 0.0320733 -0.0001017 0.0485458 0.0047231 -0.0149651 -0.0043994 0.0318561 0.0171486 0.0206349 0.0065525 -0.0152665 0.0099689 -0.0785377 -0.0884776 -0.0076053 0.0010323 0.0128661 -0.0423123 -0.0099722 -0.1217890 -0.0067062 -0.0415275 -0.0225598 -0.0226483 0.0124567 -0.0739178 -0.0018050 -0.1071858 -0.2780080 -0.2803276 -0.2789620 -0.2764218 -0.2766743 -0.2754453 -0.2781196 -0.2779547 -0.2795990 -0.2799012 -0.2823003 -0.2823803 -0.2809357 -0.2833418 -0.2826565 -0.2821018 -0.2854325 -0.2832366
0.1347795 0.1377231 0.1425193 0.1334544 0.1423611 0.1414964 0.1417521 0.1467822 0.1491268 0.1417790 0.1488688 0.1462405 0.1453008 0.1453422 0.8775212 0.1389502 0.0285979 0.0487609 0.0536602 0.0431248 0.0388275 0.0664166 0.0453131 0.0444114 0.0703201 0.0671233 0.0750181 0.0607926 0.0629528 0.0606625 0.0713175 0.0564288 0.0715688 0.0581943 0.0590659 0.0715361 0.0628782 0.0664649 0.0713122 0.0693784 0.0588005 0.0502108 0.0528392 0.0556111 0.0658922 0.0664293 0.0480268 0.0361698 -0.0147035 0.0377016 0.0240372 0.0101339 0.0184374 0.0358903 0.0269742 0.0076636 0.0018451 0.0163152 0.0432430 0.0251423 0.0434715 0.0297283 0.0269107 0.0351054 0.0228022 0.0365185 0.0139035 0.0375458 0.0084658 0.0550597 0.0153585 -0.0020251 0.0029355 0.0334351 0.0216616 0.0235364 0.0105241 -0.0118866 0.0158535 -0.0691191 -0.0798649 0.0084620 0.0134243 0.0225746 -0.0302612 -0.0017950 -0.1214690 0.0017168 -0.0349645 -0.0255807 -0.0255731 0.0137933 -0.0666661 -0.0001210 -0.1008416 -0.2780956 -0.2828758 -0.2825522 -0.2788172 -0.2784879 -0.2768141 -0.2809914 -0.2809050 -0.2812455 -0.2841920 -0.2847955 -0.2848017 -0.2845300 -0.2847316 -0.2855521 -0.2850039 -0.2881270 -0.2858014
0.1369578 0.1418191 0.1445995 0.1365578 0.1477678 0.1465455 0.1491261 0.1496330 0.1542828 0.1489396 0.1506924 0.1562301 0.1498409 0.1434664 0.1389502 0.8800113 0.0258394 0.0510787 0.0543088 0.0494716 0.0400423 0.0639124 0.0474179 0.0471953 0.0741034 0.0716555 0.0768112 0.0620806 0.0660417 0.0625953 0.0734369 0.0639053 0.0781554 0.0580710 0.0592151 0.0768268 0.0632117 0.0669161 0.0727655 0.0685596 0.0629366 0.0535727 0.0571075 0.0531290 0.0665140 0.0689213 0.0542856 0.0311979 -0.0141205 0.0359138 0.0230394 0.0107396 0.0167438 0.0373395 0.0251268 0.0068376 -0.0001401 0.0153666 0.0423052 0.0253008 0.0469215 0.0316209 0.0302614 0.0357360 0.0226380 0.0406052 0.0137878 0.0333918 0.0068382 0.0556800 0.0174822 -0.0037382 0.0030453 0.0368591 0.0205287 0.0299090 0.0132254 -0.0141649 0.0157481 -0.0705259 -0.0811765 0.0088424 0.0082009 0.0196371 -0.0304128 -0.0021118 -0.1217906 0.0010281 -0.0361464 -0.0354808 -0.0361162 0.0143557 -0.0495553 -0.0025721 -0.1046750 -0.2832253 -0.2864541 -0.2852910 -0.2795399 -0.2822933 -0.2796449 -0.2828208 -0.2839268 -0.2856059 -0.2869056 -0.2887119 -0.2886701 -0.2884179 -0.2895605 -0.2891855 -0.2891803 -0.2920498 -0.2889673
0.0306788 0.0275792 0.0352706 0.0304532 0.0345558 0.0354619 0.0315353 0.0357006 0.0362366 0.0340791 0.0405015 0.0377287 0.0321170 0.0374968 0.0285979 0.0258394 0.9787430 0.0419969 0.0477302 0.0598441 0.0605934 0.0412676 0.0509304 0.0596297 -0.0134386 -0.0169239 -0.0137738 -0.0087266 -0.0185263 -0.0205670 -0.0228999 -0.0227723 -0.0257380 -0.0096532 -0.0141834 -0.0172309 -0.0142638 -0.0177308 -0.0177060 -0.0179976 0.0020420 -0.0066238 -0.0307785 -0.0159845 -0.0114999 -0.0058193 -0.0070240 -0.0457219 -0.0136940 -0.0275736 -0.0205076 -0.0041527 -0.0383728 -0.0074684 -0.0156446 -0.0225338 -0.0174140 -0.0212721 -0.0325265 -0.0166898 -0.0219120 -0.0296873 -0.0286512 -0.0316829 -0.0365074 -0.0235240 -0.0376248 -0.0445109 -0.0362357 -0.0215150 -0.0305302 -0.0150957 -0.0176949 -0.0153347 -0.0232929 -0.0179428 -0.0146575 -0.0332118 -0.0148341 -0.0212084 -0.0221679 -0.0219863 -0.0177037 -0.0197729 -0.0255203 -0.0276745 0.0011682 -0.0250514 -0.0230036 -0.0840705 -0.0843371 -0.0434209 -0.0063161 -0.0210219 -0.0170199 0.0128903 0.0134473 0.0132923 0.0148247 0.0128846 0.0130107 0.0138414 0.0154786 0.0142193 0.0158278 0.0141114 0.0129387 0.0141524 0.0133181 0.0141100 0.0153390 0.0067076 0.0131012
0.0530374 0.0568297 0.0556862 0.0530980 0.0626870 0.0569457 0.0583482 0.0593712 0.0613432 0.0601637 0.0666843 0.0659427 0.0608702 0.0624162 0.0487609 0.0510787 0.0419969 0.9545887 0.0674502 0.0667926 0.0570699 0.0637394 0.0613090 0.0570708 -0.0004397 -0.0105947 -0.0034274 -0.0088218 -0.0054348 -0.0149905 -0.0110121 -0.0176657 -0.0078393 0.0055185 -0.0111890 -0.0075410 -0.0047764 -0.0052657 -0.0025991 -0.0067964 0.0030550 -0.0182135 -0.0089130 0.0004919 0.0072699 -0.0079144 -0.0094709 -0.0197128 -0.0170688 -0.0106085 -0.0076855 -0.0232518 -0.0179595 -0.0046059 -0.0255040 -0.0157348 -0.0237407 -0.0156586 -0.0250211 -0.0165110 -0.0283735 -0.0389664 -0.0394602 -0.0119537 -0.0189578 -0.0187692 -0.0283553 -0.0194223 -0.0354614 -0.0106444 -0.0270902 -0.0220623 -0.0175445 -0.0058847 -0.0156939 -0.0067891 -0.0198204 -0.0143365 -0.0081102 -0.0314338 -0.0389655 -0.0275256 -0.0149522 -0.0185240 -0.0255524 -0.0178046 -0.0264870 -0.0230038 -0.0245774 -0.0171012 -0.0166387 -0.0157517 -0.0171517 -0.0287868 -0.0254760 -0.0446306 -0.0475495 -0.0466089 -0.0425516 -0.0444308 -0.0446342 -0.0464982 -0.0457210 -0.0440062 -0.0434950 -0.0471062 -0.0483819 -0.0490318 -0.0477649 -0.0464857 -0.0471705 -0.0524268 -0.0456326
0.0549965 0.0597463 0.0645849 0.0573818 0.0652995 0.0635349 0.0655885 0.0704003 0.0666152 0.0631699 0.0746696 0.0709721 0.0655795 0.0687017 0.0536602 0.0543088 0.0477302 0.0674502 0.9694406 0.0705845 0.0709815 0.0723742 0.0639221 0.0641126 -0.0030528 -0.0064476 -0.0000670 -0.0103805 -0.0107605 -0.0178429 -0.0121741 -0.0214424 -0.0106888 0.0049092 -0.0171610 -0.0038964 -0.0082846 -0.0078789 -0.0038124 -0.0022586 -0.0007728 -0.0185019 -0.0141820 -0.0038917 0.0145921 -0.0077630 -0.0135274 -0.0200556 -0.0125760 -0.0072130 -0.0099080 -0.0246116 -0.0128248 -0.0075929 -0.0209337 -0.0082277 -0.0302463 -0.0219596 -0.0298359 -0.0163593 -0.0339205 -0.0429421 -0.0425805 -0.0076705 -0.0222238 -0.0206163 -0.0294450 -0.0180830 -0.0415838 -0.0116289 -0.0351802 -0.0349216 -0.0226349 -0.0059073 -0.0196526 -0.0170054 -0.0209806 -0.0209892 -0.0152723 -0.0311802 -0.0348621 -0.0388269 -0.0141472 -0.0285262 -0.0336635 -0.0254738 -0.0313366 -0.0246039 -0.0376138 -0.0133046 -0.0140484 -0.0181838 -0.0217019 -0.0285712 -0.0351719 -0.0428637 -0.0452052 -0.0455815 -0.0421964 -0.0413645 -0.0428919 -0.0435668 -0.0423230 -0.0448409 -0.0405393 -0.0447108 -0.0466047 -0.0443025 -0.0442525 -0.0460360 -0.0436991 -0.0468960 -0.0464164
0.0504940 0.0534173 0.0517758 0.0484667 0.0592200 0.0541607 0.0582676 0.0600129 0.0626127 0.0625520 0.0672236 0.0655647 0.0594859 0.0590716 0.0431248 0.0494716 0.0598441 0.0667926 0.0705845 1.0015801 0.0656159 0.0838920 0.0848472 0.0653334 -0.0151603 -0.0199079 -0.0158291 -0.0229357 -0.0246979 -0.0311658 -0.0287480 -0.0360769 -0.0208954 -0.0007441 -0.0215461 -0.0170001 -0.0119026 -0.0168696 -0.0128828 -0.0172474 -0.0160811 -0.0319545 -0.0269060 -0.0105005 -0.0003347 -0.0261017 -0.0293236 -0.0189509 -0.0111841 -0.0099549 -0.0101668 -0.0200612 -0.0079590 -0.0173023 -0.0299466 -0.0249554 -0.0319715 -0.0220029 -0.0404525 -0.0224204 -0.0488269 -0.0596178 -0.0606295 -0.0221662 -0.0213893 -0.0304576 -0.0336456 -0.0186112 -0.0492058 -0.0180059 -0.0391687 -0.0413985 -0.0258931 -0.0018791 -0.0196812 -0.0328834 -0.0321479 -0.0221119 -0.0219957 -0.0298220 -0.0497996 -0.0495974 -0.0381827 -0.0279135 -0.0431043 -0.0326998 -0.0151374 -0.0221439 -0.0214466 0.0098972 0.0108991 -0.0187614 -0.0111977 -0.0486954 -0.0186928 -0.0151596 -0.0170999 -0.0157721 -0.0123703 -0.0107408 -0.0154297 -0.0159091 -0.0106372 -0.0120187 -0.0111371 -0.0126475 -0.0140849 -0.0119655 -0.0139416 -0.0120298 -0.0133003 -0.0160508 -0.0163054
0.0458009 0.0423503 0.0473247 0.0405136 0.0517482 0.0477690 0.0482289 0.0519769 0.0507521 0.0509924 0.0582406 0.0539936 0.0500119 0.0510505 0.0388275 0.0400423 0.0605934 0.0570699 0.0709815 0.0656159 1.0036384 0.0719904 0.0686696 0.0689393 -0.0195490 -0.0202579 -0.0121476 -0.0227745 -0.0257795 -0.0351260 -0.0254385 -0.0354380 -0.0303470 -0.0084113 -0.0281363 -0.0230965 -0.0279604 -0.0204465 -0.0202889 -0.0195995 -0.0070936 -0.0254648 -0.0318010 -0.0166850 -0.0070497 -0.0189830 -0.0224249 -0.0443002 -0.0143262 -0.0184902 -0.0234195 -0.0122916 -0.0236686 -0.0221964 -0.0369956 -0.0234772 -0.0327111 -0.0323794 -0.0457040 -0.0268838 -0.0445796 -0.0469378 -0.0490084 -0.0245445 -0.0354743 -0.0339363 -0.0406075 -0.0452728 -0.0484243 -0.0220586 -0.0368918 -0.0300079 -0.0257101 -0.0157793 -0.0257626 -0.0339968 -0.0263621 -0.0177226 -0.0257475 -0.0284262 -0.0339068 -0.0417059 -0.0308931 -0.0255825 -0.0378299 -0.0388112 0.0000321 -0.0280894 -0.0226341 -0.0383380 -0.0390866 -0.0261060 -0.0055296 -0.0276742 -0.0203214 0.0103087 0.0124860 0.0129340 0.0145647 0.0139589 0.0120151 0.0118451 0.0143128 0.0131018 0.0151559 0.0117179 0.0118070 0.0137175 0.0110946 0.0137259 0.0127708 0.0069073 0.0126925
0.0702558 0.0691193 0.0723342 0.0664087 0.0782316 0.0720504 0.0734489 0.0795233 0.0760360 0.0747198 0.0823117 0.0820257 0.0760252 0.0780342 0.0664166 0.0639124 0.0412676 0.0637394 0.0723742 0.0838920 0.0719904 0.9839401 0.0767279 0.0751279 -0.0080936 -0.0056350 -0.0031798 -0.0076224 -0.0152272 -0.0219792 -0.0136546 -0.0249567 -0.0097783 0.0088306 -0.0116873 -0.0066416 -0.0079777 -0.0018618 -0.0056412 -0.0011156 -0.0051004 -0.0250201 -0.0122337 0.0001790 0.0106910 -0.0151789 -0.0177204 -0.0125515 -0.0085728 -0.0069616 -0.0034036 -0.0178782 0.0004572 -0.0137729 -0.0265498 -0.0151910 -0.0340567 -0.0166389 -0.0274593 -0.0169080 -0.0447535 -0.0489738 -0.0502353 -0.0097222 -0.0225080 -0.0237597 -0.0331890 -0.0119111 -0.0409172 -0.0107726 -0.0382155 -0.0367230 -0.0230710 -0.0026948 -0.0181652 -0.0228885 -0.0235565 -0.0074429 -0.0022912 -0.0361872 -0.0508408 -0.0469873 -0.0288441 -0.0198774 -0.0406377 -0.0265765 -0.0347808 -0.0227517 -0.0291836 0.0174709 0.0190593 -0.0138718 -0.0231482 -0.0340725 -0.0331584 -0.0585672 -0.0586940 -0.0598811 -0.0549299 -0.0554345 -0.0586733 -0.0556060 -0.0557754 -0.0578753 -0.0552032 -0.0570225 -0.0566151 -0.0552948 -0.0572516 -0.0551049 -0.0596470 -0.0606538 -0.0586987
0.0487049 0.0511756 0.0537551 0.0492221 0.0601223 0.0553680 0.0562960 0.0597759 0.0615002 0.0596263 0.0663192 0.0652164 0.0597300 0.0591491 0.0453131 0.0474179 0.0509304 0.0613090 0.0639221 0.0848472 0.0686696 0.0767279 0.9822730 0.0679354 -0.0134705 -0.0206937 -0.0156159 -0.0204171 -0.0221620 -0.0280716 -0.0200568 -0.0287673 -0.0216867 -0.0042622 -0.0226892 -0.0205961 -0.0198083 -0.0185771 -0.0180857 -0.0169466 -0.0044611 -0.0230526 -0.0263400 -0.0102338 -0.0060384 -0.0154585 -0.0227495 -0.0333716 -0.0212777 -0.0165387 -0.0129139 -0.0144321 -0.0222582 -0.0158485 -0.0326563 -0.0201378 -0.0374924 -0.0166261 -0.0349716 -0.0211385 -0.0441753 -0.0482274 -0.0473932 -0.0297934 -0.0349566 -0.0261524 -0.0405879 -0.0334067 -0.0475814 -0.0199148 -0.0441617 -0.0319242 -0.0302625 -0.0077164 -0.0270380 -0.0289269 -0.0253784 -0.0277945 -0.0172377 -0.0270536 -0.0434973 -0.0393248 -0.0308453 -0.0220555 -0.0354019 -0.0312485 -0.0157171 -0.0194586 -0.0234483 -0.0333478 -0.0329256 -0.0299683 -0.0124664 -0.0370365 -0.0202798 -0.0059499 -0.0046785 -0.0075839 -0.0004165 -0.0048461 -0.0030465 -0.0038554 -0.0024230 -0.0035629 -0.0008994 -0.0051094 -0.0052193 -0.0027057 -0.0031703 -0.0021939 -0.0049327 -0.0087848 -0.0016281
0.0532909 0.0483524 0.0523057 0.0507058 0.0577242 0.0536555 0.0505094 0.0534585 0.0569204 0.0584083 0.0614007 0.0593587 0.0554340 0.0581267 0.0444114 0.0471953 0.0596297 0.0570708 0.0641126 0.0653334 0.0689393 0.0751279 0.0679354 0.9699181 -0.0049399 -0.0040725 -0.0078833 -0.0079381 -0.0137200 -0.0196970 -0.0156350 -0.0184981 -0.0148106 0.0027596 -0.0181292 -0.0084692 -0.0082387 -0.0049653 -0.0044264 -0.0091234 0.0006399 -0.0185595 -0.0180748 -0.0041558 0.0055711 -0.0082636 -0.0104893 -0.0258078 -0.0160895 -0.0109152 -0.0066104 -0.0098304 -0.0160573 -0.0115890 -0.0170597 -0.0168634 -0.0258287 -0.0195902 -0.0295456 -0.0239047 -0.0308228 -0.0393294 -0.0396448 -0.0192825 -0.0250890 -0.0248125 -0.0314623 -0.0250592 -0.0332459 -0.0078230 -0.0286909 -0.0227451 -0.0178385 -0.0097064 -0.0189961 -0.0176430 -0.0165934 -0.0131057 -0.0192804 -0.0310832 -0.0451775 -0.0378049 -0.0207109 -0.0216316 -0.0273214 -0.0292211 -0.0200044 -0.0266165 -0.0304843 -0.0096590 -0.0103132 -0.0222785 -0.0170236 -0.0288770 -0.0253877 -0.0351163 -0.0339378 -0.0363449 -0.0309975 -0.0309254 -0.0326073 -0.0315539 -0.0304359 -0.0315668 -0.0315880 -0.0334781 -0.0315654 -0.0353837 -0.0336691 -0.0322643 -0.0338130 -0.0368879 -0.0336278
0.0687378 0.0705653 0.0688373 0.0699751 0.0703060 0.0726716 0.0712250 0.0708619 0.0717475 0.0677455 0.0641454 0.0654843 0.0679423 0.0686625 0.0703201 0.0741034 -0.0134386 -0.0004397 -0.0030528 -0.0151603 -0.0195490 -0.0080936 -0.0134705 -0.0049399 0.8476802 0.0792878 0.0827052 0.0941583 0.1050042 0.1164116 0.1168755 0.1006700 0.0846526 0.0562615 0.0685150 0.0858039 0.0734618 0.0700636 0.0725831 0.0788233 0.0588264 0.0640709 0.0689009 0.0548302 0.0620702 0.0751610 0.0619457 0.0488230 -0.0069018 0.0371295 0.0253570 0.0242512 0.0242038 0.0428776 0.0391373 0.0209258 0.0257251 0.0269869 0.0691959 0.0405523 0.0728599 0.0657324 0.0659390 0.0510128 0.0411062 0.0572438 0.0402571 0.0504928 0.0478939 0.0681342 0.0440455 0.0231552 0.0167045 0.0384528 0.0387270 0.0474745 0.0308243 0.0035209 0.0229447 -0.0399201 -0.0512540 0.0416072 0.0340910 0.0455274 -0.0065114 0.0219940 -0.1070523 0.0246034 -0.0137752 -0.0283002 -0.0304640 0.0311107 -0.0623574 0.0269385 -0.0863895 -0.2607616 -0.2661168 -0.2611206 -0.2613256 -0.2607755 -0.2594003 -0.2594021 -0.2641890 -0.2636643 -0.2685592 -0.2672482 -0.2674085 -0.2699693 -0.2702318 -0.2703008 -0.2669278 -0.2709024 -0.2689573
0.0641496 0.0659072 0.0648290 0.0633906 0.0628485 0.0670305 0.0661476 0.0667356 0.0629738 0.0615780 0.0578408 0.0582737 0.0620679 0.0566423 0.0671233 0.0716555 -0.0169239 -0.0105947 -0.0064476 -0.0199079 -0.0202579 -0.0056350 -0.0206937 -0.0040725 0.0792878 0.8546603 0.1120667 0.0711554 0.0854035 0.0791746 0.0879777 0.0827918 0.0856614 0.0563665 0.0657446 0.0860971 0.0705782 0.0697292 0.0735362 0.0784943 0.0572633 0.0668817 0.0655087 0.0508030 0.0551401 0.0754845 0.0635520 0.0514495 -0.0011745 0.0462460 0.0312853 0.0226938 0.0362668 0.0485671 0.0526525 0.0164572 0.0280144 0.0310707 0.0714680 0.0437271 0.0851693 0.0729927 0.0725425 0.0513455 0.0438146 0.0554643 0.0376586 0.0518384 0.0434543 0.0668772 0.0423378 0.0230889 0.0242057 0.0427748 0.0455233 0.0410270 0.0340943 0.0024250 0.0300921 -0.0337161 -0.0435853 0.0477677 0.0311090 0.0480148 0.0030769 0.0318500 -0.1137872 0.0258542 -0.0129583 -0.0200096 -0.0202196 0.0355638 -0.0562806 0.0255512 -0.0785112 -0.2536265 -0.2604954 -0.2575781 -0.2544462 -0.2566066 -0.2536060 -0.2579219 -0.2590181 -0.2589143 -0.2631836 -0.2619365 -0.2629167 -0.2630493 -0.2619505 -0.2662523 -0.2633304 -0.2636144 -0.2639726
0.0682511 0.0718656 0.0730533 0.0704973 0.0714533 0.0728828 0.0728749 0.0716915 0.0711568 0.0674159 0.0653898 0.0678502 0.0724994 0.0660294 0.0750181 0.0768112 -0.0137738 -0.0034274 -0.0000670 -0.0158291 -0.0121476 -0.0031798 -0.0156159 -0.0078833 0.0827052 0.1120667 0.8506291 0.0779773 0.0817020 0.0882489 0.0864396 0.0889117 0.0814874 0.0560594 0.0663472 0.0806773 0.0751579 0.0679460 0.0733394 0.0779633 0.0599066 0.0667316 0.0674997 0.0555339 0.0580246 0.0730232 0.0655443 0.0493207 -0.0060304 0.0415695 0.0236199 0.0263937 0.0283775 0.0411859 0.0443206 0.0138579 0.0250366 0.0331221 0.0693012 0.0483073 0.0803817 0.0717838 0.0710748 0.0553277 0.0463220 0.0515456 0.0392915 0.0492181 0.0437128 0.0695879 0.0482932 0.0230927 0.0156266 0.0415021 0.0443329 0.0456370 0.0302629 -0.0001055 0.0277125 -0.0464264 -0.0498741 0.0471922 0.0314746 0.0430853 0.0032195 0.0262491 -0.1063718 0.0215523 -0.0142497 -0.0303618 -0.0318474 0.0305226 -0.0572098 0.0294443 -0.0793851 -0.2600065 -0.2654553 -0.2616939 -0.2583884 -0.2612003 -0.2573503 -0.2605659 -0.2614948 -0.2632644 -0.2661166 -0.2653899 -0.2677850 -0.2673422 -0.2677028 -0.2686179 -0.2662110 -0.2690763 -0.2673261
0.0525724 0.0561219 0.0595580 0.0584580 0.0552098 0.0578205 0.0587379 0.0570225 0.0588708 0.0568858 0.0539781 0.0550123 0.0570247 0.0558709 0.0607926 0.0620806 -0.0087266 -0.0088218 -0.0103805 -0.0229357 -0.0227745 -0.0076224 -0.0204171 -0.0079381 0.0941583 0.0711554 0.0779773 0.8612865 0.1080423 0.0919813 0.0897110 0.1045915 0.0684882 0.0500318 0.0596094 0.0792980 0.0716615 0.0638674 0.0673792 0.0616162 0.0647901 0.0691127 0.0638687 0.0487432 0.0517561 0.0789704 0.0734562 0.0454902 -0.0105231 0.0327871 0.0300867 0.0281447 0.0283093 0.0508661 0.0435595 0.0093048 0.0286492 0.0270795 0.0700122 0.0387594 0.0808823 0.0764823 0.0773846 0.0445222 0.0360459 0.0511344 0.0308808 0.0461273 0.0441221 0.0658589 0.0397459 0.0299608 0.0269614 0.0330267 0.0377317 0.0434605 0.0312993 -0.0041682 0.0213306 -0.0390212 -0.0420965 0.0461192 0.0302000 0.0424379 -0.0017437 0.0249598 -0.0958925 0.0206568 -0.0221422 -0.0479764 -0.0492887 0.0189058 -0.0587823 0.0240018 -0.0786144 -0.2365357 -0.2414819 -0.2400540 -0.2353251 -0.2360984 -0.2337416 -0.2371566 -0.2394422 -0.2412012 -0.2460736 -0.2424184 -0.2438468 -0.2448793 -0.2432664 -0.2460027 -0.2430435 -0.2466449 -0.2461226
0.0566672 0.0601133 0.0587808 0.0592376 0.0569856 0.0610998 0.0594462 0.0583285 0.0590749 0.0562936 0.0550471 0.0551461 0.0587704 0.0575175 0.0629528 0.0660417 -0.0185263 -0.0054348 -0.0107605 -0.0246979 -0.0257795 -0.0152272 -0.0221620 -0.0137200 0.1050042 0.0854035 0.0817020 0.1080423 0.8562779 0.1013450 0.0956528 0.1113484 0.0751621 0.0536845 0.0626462 0.0792570 0.0690599 0.0690919 0.0725205 0.0698519 0.0602569 0.0598996 0.0645879 0.0510217 0.0519213 0.0725956 0.0617369 0.0485284 0.0043865 0.0368970 0.0300240 0.0174466 0.0313315 0.0492605 0.0457138 0.0149874 0.0279078 0.0340790 0.0715091 0.0415213 0.0856719 0.0775898 0.0777055 0.0523487 0.0404786 0.0565902 0.0390193 0.0479935 0.0442830 0.0676233 0.0436903 0.0286069 0.0214285 0.0400437 0.0410007 0.0433350 0.0325119 -0.0001398 0.0285696 -0.0359392 -0.0408265 0.0493526 0.0284794 0.0459491 -0.0009217 0.0214885 -0.1032718 0.0188670 -0.0143396 -0.0322628 -0.0329190 0.0264085 -0.0588060 0.0256891 -0.0785349 -0.2447734 -0.2520863 -0.2486976 -0.2470932 -0.2477279 -0.2450154 -0.2478927 -0.2512100 -0.2509355 -0.2541338 -0.2549682 -0.2537361 -0.2555305 -0.2553608 -0.2563020 -0.2551319 -0.2564005 -0.2561536
0.0537949 0.0573118 0.0582332 0.0562447 0.0542681 0.0591497 0.0594893 0.0555193 0.0568698 0.0521676 0.0491666 0.0498390 0.0545068 0.0506957 0.0606625 0.0625953 -0.0205670 -0.0149905 -0.0178429 -0.0311658 -0.0351260 -0.0219792 -0.0280716 -0.0196970 0.1164116 0.0791746 0.0882489 0.0919813 0.1013450 0.8563609 0.1182090 0.1026726 0.0769527 0.0563208 0.0697866 0.0840598 0.0765590 0.0803479 0.0727835 0.0783222 0.0596967 0.0700448 0.0752710 0.0557221 0.0603808 0.0771462 0.0689579 0.0624186 -0.0015564 0.0383812 0.0270974 0.0278323 0.0322906 0.0474730 0.0559156 0.0171028 0.0278361 0.0329866 0.0743240 0.0431136 0.0905775 0.0838212 0.0849487 0.0579219 0.0440130 0.0604291 0.0445095 0.0632039 0.0554894 0.0757283 0.0511231 0.0284273 0.0272726 0.0377025 0.0397502 0.0568269 0.0323248 0.0043911 0.0295459 -0.0374648 -0.0403166 0.0560758 0.0369924 0.0479475 0.0044844 0.0323374 -0.1081603 0.0271403 -0.0140084 -0.0280753 -0.0292556 0.0323739 -0.0581125 0.0312676 -0.0818076 -0.2566953 -0.2642150 -0.2595437 -0.2584559 -0.2590479 -0.2559169 -0.2582170 -0.2610950 -0.2610111 -0.2658146 -0.2649494 -0.2653151 -0.2650361 -0.2673328 -0.2662812 -0.2660376 -0.2678755 -0.2672882
0.0655251 0.0680500 0.0701357 0.0665058 0.0677684 0.0657855 0.0682560 0.0670986 0.0658603 0.0623502 0.0609639 0.0612256 0.0647987 0.0606117 0.0713175 0.0734369 -0.0228999 -0.0110121 -0.0121741 -0.0287480 -0.0254385 -0.0136546 -0.0200568 -0.0156350 0.1168755 0.0879777 0.0864396 0.0897110 0.0956528 0.1182090 0.8535439 0.1015623 0.0873056 0.0613391 0.0722204 0.0921721 0.0817925 0.0822000 0.0828702 0.0842261 0.0663067 0.0697998 0.0785006 0.0586969 0.0636887 0.0859605 0.0693182 0.0646615 -0.0078111 0.0499494 0.0328340 0.0333402 0.0381932 0.0494465 0.0565276 0.0222889 0.0260906 0.0319970 0.0852157 0.0448297 0.0851834 0.0774811 0.0778109 0.0543858 0.0494447 0.0611172 0.0464325 0.0653195 0.0534803 0.0822277 0.0497167 0.0239637 0.0255301 0.0463460 0.0481932 0.0482385 0.0339661 0.0041506 0.0295651 -0.0393554 -0.0484058 0.0503034 0.0363585 0.0511110 -0.0004970 0.0295771 -0.1133891 0.0293863 -0.0128596 -0.0165442 -0.0172727 0.0372787 -0.0675799 0.0404760 -0.0882987 -0.2769439 -0.2832497 -0.2774053 -0.2774321 -0.2774753 -0.2743614 -0.2780650 -0.2800559 -0.2815869 -0.2845784 -0.2843198 -0.2843165 -0.2847182 -0.2859146 -0.2853693 -0.2859240 -0.2862521 -0.2851963
0.0504317 0.0559190 0.0537270 0.0534023 0.0514837 0.0535103 0.0543364 0.0531555 0.0553426 0.0504923 0.0452072 0.0484012 0.0529128 0.0490136 0.0564288 0.0639053 -0.0227723 -0.0176657 -0.0214424 -0.0360769 -0.0354380 -0.0249567 -0.0287673 -0.0184981 0.1006700 0.0827918 0.0889117 0.1045915 0.1113484 0.1026726 0.1015623 0.8592193 0.0819505 0.0510287 0.0624540 0.0877645 0.0742169 0.0672697 0.0738723 0.0691755 0.0613200 0.0732625 0.0637979 0.0490240 0.0525079 0.0828616 0.0712128 0.0423440 -0.0101218 0.0362741 0.0229531 0.0352608 0.0207963 0.0547288 0.0520406 0.0175777 0.0303872 0.0372893 0.0743505 0.0513989 0.0941161 0.0953574 0.0960496 0.0431247 0.0351778 0.0561749 0.0455208 0.0431563 0.0502525 0.0716818 0.0557710 0.0361664 0.0250555 0.0341778 0.0386457 0.0573927 0.0407226 -0.0028220 0.0254475 -0.0343642 -0.0381962 0.0581248 0.0300428 0.0483294 0.0035979 0.0292079 -0.0945600 0.0190177 -0.0129268 -0.0728037 -0.0736697 0.0209738 -0.0497463 0.0388058 -0.0784713 -0.2435658 -0.2482967 -0.2438852 -0.2435771 -0.2434000 -0.2411931 -0.2441958 -0.2464154 -0.2466973 -0.2496715 -0.2492054 -0.2513448 -0.2521286 -0.2529537 -0.2525683 -0.2518240 -0.2531549 -0.2515198
0.0672638 0.0670315 0.0692499 0.0684048 0.0668870 0.0702487 0.0710180 0.0707418 0.0681470 0.0664585 0.0621701 0.0640130 0.0686228 0.0626224 0.0715688 0.0781554 -0.0257380 -0.0078393 -0.0106888 -0.0208954 -0.0303470 -0.0097783 -0.0216867 -0.0148106 0.0846526 0.0856614 0.0814874 0.0684882 0.0751621 0.0769527 0.0873056 0.0819505 0.8533003 0.0632109 0.0782792 0.0974292 0.0781698 0.0873205 0.0911597 0.0900809 0.0607726 0.0703685 0.0814760 0.0627066 0.0657106 0.0724739 0.0638022 0.0742768 0.0030115 0.0597148 0.0381299 0.0232550 0.0434611 0.0484204 0.0536835 0.0249449 0.0302542 0.0340593 0.0820094 0.0431767 0.0813977 0.0730618 0.0718041 0.0655369 0.0575485 0.0638587 0.0514252 0.0728670 0.0535353 0.0759112 0.0512328 0.0248857 0.0236153 0.0518455 0.0487721 0.0462831 0.0354767 0.0122944 0.0311404 -0.0355373 -0.0438420 0.0457922 0.0364041 0.0482930 0.0041969 0.0362240 -0.1201940 0.0355521 -0.0061709 0.0085126 0.0082095 0.0421538 -0.0675007 0.0284082 -0.0746224 -0.2816752 -0.2843877 -0.2827848 -0.2818705 -0.2811162 -0.2788164 -0.2808702 -0.2847408 -0.2852383 -0.2901580 -0.2886790 -0.2895854 -0.2895662 -0.2906362 -0.2910095 -0.2885003 -0.2892408 -0.2902670
0.0565361 0.0583326 0.0586138 0.0572733 0.0579141 0.0571581 0.0600588 0.0594462 0.0576299 0.0559452 0.0548540 0.0558383 0.0571422 0.0563102 0.0581943 0.0580710 -0.0096532 0.0055185 0.0049092 -0.0007441 -0.0084113 0.0088306 -0.0042622 0.0027596 0.0562615 0.0563665 0.0560594 0.0500318 0.0536845 0.0563208 0.0613391 0.0510287 0.0632109 0.9268779 0.0512627 0.0612472 0.0551910 0.0567661 0.0592801 0.0581145 0.0414768 0.0421171 0.0562723 0.0444105 0.0477649 0.0492699 0.0441604 0.0562743 0.0070757 0.0427497 0.0305135 0.0131304 0.0358665 0.0308197 0.0367906 0.0191521 0.0193741 0.0224449 0.0506787 0.0291420 0.0495767 0.0416436 0.0411999 0.0485819 0.0431511 0.0431279 0.0343154 0.0570214 0.0356611 0.0520709 0.0344949 0.0122054 0.0186212 0.0364483 0.0353689 0.0284202 0.0212585 0.0139245 0.0241791 -0.0268425 -0.0329557 0.0256272 0.0261602 0.0324746 0.0029151 0.0207077 -0.0847121 0.0242961 -0.0031846 0.0387520 0.0382643 0.0355564 -0.0466419 0.0224245 -0.0547467 -0.1975611 -0.2018127 -0.1992530 -0.1980513 -0.1972044 -0.1956056 -0.1974920 -0.1998196 -0.2012321 -0.2046953 -0.2034854 -0.2048121 -0.2043679 -0.2053920 -0.2064792 -0.2050136 -0.2062486 -0.2053480
