0.8523623 0.1383645 0.1016330 0.1263038 0.1023182 0.0996937 0.1041219 0.1063850 0.0999124 0.0972441 0.0925856 0.1019110 0.0957777 0.0939213 0.0995712 0.0995839 -0.0024590 0.0162006 0.0137648 0.0062074 0.0019300 0.0247177 0.0033429 0.0147733 0.0763271 0.0748610 0.0750632 0.0637751 0.0697108 0.0718777 0.0805311 0.0690998 0.0805923 0.0625265 0.0656642 0.0807452 0.0716724 0.0721513 0.0768609 0.0725405 0.0543743 0.0574923 0.0661503 0.0535112 0.0628093 0.0682563 0.0595714 0.0606705 -0.0038331 0.0467330 0.0290556 0.0151243 0.0300446 0.0384889 0.0382039 0.0174443 0.0168850 0.0215336 0.0629277 0.0345186 0.0674038 0.0548256 0.0544342 0.0545641 0.0384175 0.0528084 0.0326292 0.0609314 0.0334961 0.0644695 0.0343975 0.0093726 0.0135607 0.0419115 0.0350314 0.0318590 0.0257321 0.0030249 0.0222644 -0.0530062 -0.0591816 0.0266799 0.0231346 0.0353015 -0.0096432 0.0126512 -0.1220073 0.0182732 -0.0198862 0.0042399 0.0045748 0.0306695 -0.0659022 0.0185758 -0.0923958 -0.2767703 -0.2812018 -0.2791477 -0.2783922 -0.2773507 -0.2760606 -0.2766143 -0.2791761 -0.2802954 -0.2835050 -0.2842868 -0.2834642 -0.2836172 -0.2848687 -0.2859243 -0.2839316 -0.2861249 -0.2839089
0.1383645 0.8591337 0.1041613 0.1356338 0.1034140 0.1057488 0.1089837 0.1078044 0.1018697 0.1004088 0.0978052 0.1026976 0.1040496 0.0989807 0.1018906 0.1034028 -0.0060779 0.0202085 0.0184354 0.0088833 -0.0023692 0.0238234 0.0051603 0.0099100 0.0776776 0.0764664 0.0783814 0.0668907 0.0727758 0.0750670 0.0825380 0.0740075 0.0801338 0.0648104 0.0663077 0.0825572 0.0726070 0.0762106 0.0802961 0.0763595 0.0576703 0.0590060 0.0676667 0.0579044 0.0641244 0.0704948 0.0564781 0.0588574 -0.0043039 0.0518675 0.0293667 0.0145828 0.0312630 0.0379229 0.0394057 0.0175131 0.0148634 0.0235604 0.0648400 0.0365950 0.0668048 0.0576439 0.0576786 0.0554977 0.0427111 0.0544791 0.0369085 0.0591759 0.0333342 0.0661932 0.0350175 0.0090523 0.0140096 0.0417432 0.0362283 0.0371465 0.0237471 0.0017506 0.0248634 -0.0565011 -0.0605962 0.0268617 0.0231851 0.0337178 -0.0130367 0.0141184 -0.1249760 0.0214494 -0.0214135 0.0025735 0.0017915 0.0330457 -0.0689522 0.0225211 -0.0931962 -0.2856099 -0.2907858 -0.2874343 -0.2868109 -0.2864780 -0.2861055 -0.2850434 -0.2908496 -0.2899073 -0.2931144 -0.2913248 -0.2941165 -0.2922867 -0.2939296 -0.2938951 -0.2932957 -0.2954741 -0.2931316
0.1016330 0.1041613 0.8498303 0.1013497 0.1372280 0.1341751 0.1530275 0.1387018 0.1021018 0.1014021 0.0957176 0.1011572 0.1021077 0.0987084 0.1040092 0.1034042 -0.0014929 0.0152677 0.0193013 0.0034304 -0.0014557 0.0229627 0.0037723 0.0101694 0.0768309 0.0765043 0.0805222 0.0713434 0.0725508 0.0777993 0.0862643 0.0731159 0.0840634 0.0658124 0.0697974 0.0870909 0.0776152 0.0742989 0.0805102 0.0794206 0.0619556 0.0631251 0.0674971 0.0556046 0.0674555 0.0754197 0.0600548 0.0604965 -0.0070569 0.0472146 0.0334347 0.0138208 0.0330505 0.0389291 0.0402048 0.0181843 0.0193402 0.0224572 0.0622963 0.0356893 0.0684136 0.0564509 0.0580292 0.0514166 0.0389492 0.0493777 0.0353480 0.0603361 0.0343192 0.0638426 0.0349787 0.0110170 0.0142857 0.0441521 0.0394754 0.0346254 0.0240110 0.0006593 0.0244558 -0.0586726 -0.0660012 0.0288697 0.0266855 0.0347053 -0.0117560 0.0158660 -0.1246915 0.0140520 -0.0228242 0.0053268 0.0049786 0.0322215 -0.0714870 0.0205945 -0.0972206 -0.2892891 -0.2947042 -0.2920424 -0.2895125 -0.2888428 -0.2874695 -0.2892242 -0.2915180 -0.2938142 -0.2971571 -0.2962059 -0.2973657 -0.2964673 -0.2971301 -0.2988379 -0.2970325 -0.2992428 -0.2986462
0.1263038 0.1356338 0.1013497 0.8604702 0.0982019 0.1005684 0.1006866 0.1040069 0.0989472 0.0935049 0.0942473 0.0963307 0.0940913 0.0944753 0.0987055 0.0998505 -0.0017689 0.0167306 0.0165073 0.0043249 -0.0028981 0.0217076 0.0047167 0.0130071 0.0772828 0.0738536 0.0773011 0.0695155 0.0718356 0.0740234 0.0809871 0.0715313 0.0814432 0.0630014 0.0672647 0.0799080 0.0725913 0.0758708 0.0778245 0.0753091 0.0572834 0.0602409 0.0714490 0.0575693 0.0657632 0.0700654 0.0573616 0.0605919 -0.0029167 0.0494662 0.0333369 0.0140144 0.0310841 0.0386548 0.0422871 0.0172621 0.0182248 0.0247720 0.0644340 0.0383111 0.0652496 0.0555629 0.0569504 0.0555329 0.0429277 0.0504905 0.0328295 0.0621548 0.0334529 0.0667589 0.0352341 0.0127252 0.0130085 0.0425793 0.0380348 0.0340622 0.0250279 0.0038624 0.0242604 -0.0543348 -0.0589674 0.0277617 0.0276325 0.0370074 -0.0115435 0.0130687 -0.1231113 0.0193979 -0.0209951 0.0050785 0.0058663 0.0340385 -0.0672765 0.0206819 -0.0905341 -0.2795947 -0.2835546 -0.2800343 -0.2792584 -0.2801187 -0.2777549 -0.2789058 -0.2824087 -0.2831498 -0.2873811 -0.2855338 -0.2866831 -0.2864186 -0.2865376 -0.2873428 -0.2853555 -0.2890770 -0.2851883
0.1023182 0.1034140 0.1372280 0.0982019 0.8548366 0.1437919 0.1493290 0.1432870 0.0992431 0.0975192 0.0934071 0.0994147 0.0983617 0.0960952 0.1000318 0.1026634 -0.0054312 0.0178008 0.0151674 0.0052366 -0.0016961 0.0229621 0.0050495 0.0112718 0.0794756 0.0760913 0.0799705 0.0687286 0.0726684 0.0760903 0.0857536 0.0735203 0.0834910 0.0653303 0.0657974 0.0859397 0.0745457 0.0759692 0.0826489 0.0765646 0.0635237 0.0624525 0.0673288 0.0569930 0.0666335 0.0716327 0.0612524 0.0581259 -0.0037650 0.0493727 0.0308352 0.0172849 0.0309233 0.0397673 0.0398774 0.0171102 0.0177718 0.0230969 0.0636988 0.0313000 0.0689991 0.0606921 0.0587142 0.0535165 0.0440129 0.0536037 0.0354795 0.0582900 0.0352023 0.0692405 0.0352585 0.0089689 0.0123506 0.0440969 0.0398862 0.0359251 0.0238600 0.0004584 0.0243007 -0.0577880 -0.0657829 0.0288004 0.0238896 0.0342654 -0.0095142 0.0168659 -0.1246817 0.0165067 -0.0201497 0.0062953 0.0062518 0.0341022 -0.0701519 0.0178965 -0.0927608 -0.2883017 -0.2920144 -0.2887372 -0.2872479 -0.2873015 -0.2856646 -0.2869786 -0.2893127 -0.2901705 -0.2942083 -0.2947792 -0.2951300 -0.2944750 -0.2958627 -0.2961690 -0.2945272 -0.2978420 -0.2945762
0.0996937 0.1057488 0.1341751 0.1005684 0.1437919 0.8559430 0.1463333 0.1407046 0.1004221 0.0991580 0.0944701 0.1025531 0.0986079 0.0973177 0.1018180 0.1037830 -0.0033659 0.0156541 0.0174208 0.0052196 -0.0021254 0.0220369 0.0037968 0.0105422 0.0803380 0.0784354 0.0798831 0.0690737 0.0747478 0.0783555 0.0818853 0.0721842 0.0852550 0.0650007 0.0648777 0.0829325 0.0706800 0.0714978 0.0759357 0.0764204 0.0611041 0.0610166 0.0700720 0.0555193 0.0668279 0.0713776 0.0603307 0.0569871 -0.0050401 0.0465434 0.0277148 0.0165811 0.0308047 0.0395373 0.0377835 0.0191484 0.0134813 0.0213260 0.0608169 0.0325322 0.0677123 0.0558969 0.0564702 0.0547571 0.0419324 0.0535444 0.0345114 0.0566988 0.0370153 0.0675441 0.0319121 0.0085932 0.0119978 0.0425398 0.0380003 0.0343514 0.0245983 -0.0017972 0.0246891 -0.0573957 -0.0666647 0.0286098 0.0265381 0.0350893 -0.0124063 0.0188801 -0.1244038 0.0147710 -0.0208295 0.0024871 0.0013387 0.0330219 -0.0688369 0.0164593 -0.0922277 -0.2871624 -0.2903929 -0.2894644 -0.2871929 -0.2865688 -0.2852852 -0.2866162 -0.2902173 -0.2890702 -0.2956592 -0.2930064 -0.2939350 -0.2950573 -0.2958893 -0.2948487 -0.2930625 -0.2949793 -0.2956696
0.1041219 0.1089837 0.1530275 0.1006866 0.1493290 0.1463333 0.8553867 0.1543530 0.1036063 0.1031460 0.0977634 0.1058256 0.1024953 0.1038226 0.1024380 0.1066680 -0.0057241 0.0175288 0.0195470 0.0089533 -0.0013417 0.0228996 0.0049154 0.0072976 0.0795789 0.0783831 0.0806997 0.0711950 0.0741534 0.0797565 0.0852408 0.0753225 0.0858308 0.0673490 0.0698870 0.0866712 0.0727726 0.0767984 0.0819864 0.0820195 0.0625805 0.0607892 0.0692484 0.0571521 0.0660334 0.0717960 0.0606984 0.0584657 -0.0046991 0.0482756 0.0309440 0.0150978 0.0306410 0.0401820 0.0374461 0.0184034 0.0188105 0.0216244 0.0613873 0.0291317 0.0667113 0.0593098 0.0583180 0.0555994 0.0447320 0.0555207 0.0382021 0.0592309 0.0355028 0.0700729 0.0338487 0.0093173 0.0122042 0.0441903 0.0401719 0.0361224 0.0244718 0.0008852 0.0239395 -0.0590727 -0.0668038 0.0285119 0.0268476 0.0330853 -0.0116689 0.0164682 -0.1296405 0.0142797 -0.0220795 0.0045839 0.0043545 0.0313776 -0.0727749 0.0161924 -0.0988212 -0.2953907 -0.3008163 -0.2974476 -0.2971415 -0.2963493 -0.2933429 -0.2965840 -0.2994015 -0.2990029 -0.3039044 -0.3022311 -0.3047495 -0.3023401 -0.3047759 -0.3045125 -0.3039822 -0.3026748 -0.3038033
0.1063850 0.1078044 0.1387018 0.1040069 0.1432870 0.1407046 0.1543530 0.8572647 0.1046353 0.1002613 0.0974431 0.1069290 0.1003654 0.1020127 0.1046664 0.1049004 -0.0041426 0.0151336 0.0206290 0.0067118 -0.0010372 0.0248565 0.0049151 0.0074221 0.0802659 0.0800475 0.0803105 0.0707060 0.0743183 0.0772630 0.0852491 0.0753470 0.0871555 0.0669783 0.0683431 0.0872199 0.0750762 0.0770580 0.0821487 0.0798711 0.0638474 0.0615934 0.0706943 0.0583071 0.0649825 0.0745454 0.0600312 0.0602921 -0.0049338 0.0493469 0.0287790 0.0195335 0.0307697 0.0414793 0.0414590 0.0177818 0.0181467 0.0196487 0.0609159 0.0337975 0.0697692 0.0586583 0.0588745 0.0531189 0.0427623 0.0550413 0.0358343 0.0600956 0.0376873 0.0682049 0.0357859 0.0116116 0.0128259 0.0467939 0.0394017 0.0370665 0.0260644 0.0004623 0.0251056 -0.0582003 -0.0659174 0.0281659 0.0273739 0.0359219 -0.0081585 0.0169964 -0.1276628 0.0195724 -0.0216784 0.0053297 0.0046770 0.0335720 -0.0712813 0.0202489 -0.0941296 -0.2943459 -0.2988203 -0.2956317 -0.2942752 -0.2947378 -0.2929175 -0.2944625 -0.2978738 -0.2984776 -0.3020353 -0.3017031 -0.3014100 -0.3021099 -0.3027614 -0.3036763 -0.3013153 -0.3037827 -0.3022740
0.0999124 0.1018697 0.1021018 0.0989472 0.0992431 0.1004221 0.1036063 0.1046353 0.8579212 0.1310318 0.1334000 0.1324625 0.1341878 0.1287756 0.1065960 0.1086426 -0.0047350 0.0169130 0.0169185 0.0098379 -0.0025275 0.0216633 0.0065027 0.0108636 0.0803643 0.0755419 0.0788794 0.0711376 0.0738966 0.0778382 0.0833876 0.0756664 0.0845001 0.0656479 0.0659772 0.0841378 0.0732899 0.0748977 0.0780554 0.0771876 0.0607136 0.0561995 0.0674524 0.0617007 0.0688299 0.0722245 0.0633926 0.0612317 -0.0046225 0.0486871 0.0329058 0.0114232 0.0300005 0.0400277 0.0448945 0.0190380 0.0161035 0.0252898 0.0617439 0.0347478 0.0668879 0.0579923 0.0590583 0.0533674 0.0420562 0.0560231 0.0370714 0.0612198 0.0368230 0.0692474 0.0358889 0.0107714 0.0180575 0.0423489 0.0377661 0.0340188 0.0202785 0.0018456 0.0253425 -0.0566886 -0.0603095 0.0298731 0.0211411 0.0376014 -0.0128359 0.0148975 -0.1219877 0.0201106 -0.0211628 0.0000218 0.0004794 0.0354098 -0.0721564 0.0201917 -0.0945883 -0.2905472 -0.2941639 -0.2904769 -0.2898761 -0.2890807 -0.2886846 -0.2899034 -0.2929338 -0.2938016 -0.2969182 -0.2968557 -0.2958313 -0.2969943 -0.2980368 -0.2974343 -0.2978864 -0.3006297 -0.2969191
0.0972441 0.1004088 0.1014021 0.0935049 0.0975192 0.0991580 0.1031460 0.1002613 0.1310318 0.8538002 0.1218425 0.1298467 0.1427762 0.1280415 0.0997058 0.1036611 -0.0061830 0.0160059 0.0134296 0.0094756 -0.0022796 0.0203573 0.0049959 0.0123760 0.0765182 0.0742754 0.0753459 0.0696804 0.0715374 0.0734926 0.0799114 0.0716247 0.0826826 0.0636191 0.0662091 0.0833428 0.0684933 0.0716804 0.0787093 0.0771030 0.0570006 0.0569997 0.0668429 0.0597932 0.0649279 0.0683840 0.0589966 0.0601384 -0.0067578 0.0479517 0.0305342 0.0163135 0.0303720 0.0410895 0.0380751 0.0187412 0.0160454 0.0215975 0.0598509 0.0332114 0.0657228 0.0560680 0.0551188 0.0497945 0.0425124 0.0527865 0.0344425 0.0595735 0.0337916 0.0635136 0.0323228 0.0101559 0.0157789 0.0399898 0.0355902 0.0335119 0.0208480 0.0011289 0.0243611 -0.0545106 -0.0630132 0.0280020 0.0234498 0.0361367 -0.0136183 0.0165752 -0.1212693 0.0153235 -0.0215960 0.0017579 0.0026915 0.0323254 -0.0695093 0.0170157 -0.0902595 -0.2828653 -0.2859020 -0.2848677 -0.2817615 -0.2809967 -0.2796006 -0.2822731 -0.2838637 -0.2853097 -0.2888696 -0.2888680 -0.2891400 -0.2879830 -0.2898062 -0.2903996 -0.2887618 -0.2908067 -0.2896977
0.0925856 0.0978052 0.0957176 0.0942473 0.0934071 0.0944701 0.0977634 0.0974431 0.1334000 0.1218425 0.8672631 0.1342268 0.1276135 0.1236155 0.1018345 0.1013242 -0.0038957 0.0163558 0.0181566 0.0061827 -0.0015207 0.0198459 0.0049724 0.0094179 0.0749833 0.0731002 0.0756426 0.0697471 0.0730987 0.0737212 0.0814588 0.0701955 0.0811105 0.0628049 0.0650093 0.0828433 0.0724467 0.0724595 0.0779454 0.0740984 0.0590273 0.0584272 0.0680650 0.0586636 0.0647320 0.0705616 0.0589205 0.0591608 -0.0043958 0.0463111 0.0333080 0.0134936 0.0309467 0.0374590 0.0411635 0.0179309 0.0169717 0.0247852 0.0636674 0.0365495 0.0651704 0.0555164 0.0559278 0.0524844 0.0411081 0.0533733 0.0356697 0.0592099 0.0346505 0.0628984 0.0335839 0.0090408 0.0160521 0.0415106 0.0385668 0.0334098 0.0217814 0.0033493 0.0216535 -0.0536304 -0.0596138 0.0279224 0.0253415 0.0355319 -0.0127264 0.0141190 -0.1192260 0.0187494 -0.0225223 0.0044803 0.0051811 0.0354465 -0.0705994 0.0212975 -0.0910828 -0.2779891 -0.2830873 -0.2802311 -0.2777738 -0.2784990 -0.2771620 -0.2784562 -0.2813852 -0.2815813 -0.2838564 -0.2851357 -0.2855991 -0.2855254 -0.2873920 -0.2867961 -0.2878109 -0.2897749 -0.2861034
0.1019110 0.1026976 0.1011572 0.0963307 0.0994147 0.1025531 0.1058256 0.1069290 0.1324625 0.1298467 0.1342268 0.8631532 0.1343804 0.1297681 0.1008419 0.1073935 -0.0057490 0.0178106 0.0170013 0.0077229 -0.0036839 0.0224799 0.0058361 0.0091111 0.0755881 0.0724960 0.0770859 0.0694008 0.0719582 0.0730970 0.0809058 0.0717897 0.0819858 0.0642201 0.0690362 0.0858462 0.0730183 0.0717625 0.0787135 0.0750333 0.0605668 0.0574475 0.0701164 0.0582590 0.0673905 0.0692308 0.0617012 0.0583979 -0.0079356 0.0457897 0.0309153 0.0136175 0.0321538 0.0409201 0.0404239 0.0158840 0.0168543 0.0272300 0.0612333 0.0323314 0.0639107 0.0553009 0.0562329 0.0507524 0.0423899 0.0522972 0.0367124 0.0588737 0.0349958 0.0669049 0.0355901 0.0082237 0.0153880 0.0390320 0.0355318 0.0350325 0.0212652 -0.0009293 0.0243134 -0.0537881 -0.0617002 0.0272796 0.0237880 0.0328158 -0.0158236 0.0146810 -0.1198492 0.0161065 -0.0223773 0.0023160 0.0024910 0.0309624 -0.0684645 0.0157943 -0.0936920 -0.2857512 -0.2887254 -0.2859851 -0.2848399 -0.2849627 -0.2841397 -0.2850358 -0.2867092 -0.2896064 -0.2905770 -0.2906627 -0.2914580 -0.2919544 -0.2921283 -0.2923842 -0.2927299 -0.2945518 -0.2929541
0.0957777 0.1040496 0.1021077 0.0940913 0.0983617 0.0986079 0.1024953 0.1003654 0.1341878 0.1427762 0.1276135 0.1343804 0.8611297 0.1358368 0.1032936 0.1046711 -0.0081735 0.0170970 0.0167891 0.0069073 -0.0030788 0.0225450 0.0048390 0.0095936 0.0765169 0.0746417 0.0803036 0.0695102 0.0734420 0.0754025 0.0822865 0.0733496 0.0849342 0.0651985 0.0643006 0.0839782 0.0741157 0.0757502 0.0808282 0.0755795 0.0583787 0.0572781 0.0695649 0.0625947 0.0662171 0.0711598 0.0630418 0.0579301 -0.0056822 0.0492221 0.0281498 0.0175644 0.0341753 0.0365640 0.0421220 0.0171323 0.0157115 0.0243401 0.0638156 0.0334750 0.0690284 0.0564932 0.0574061 0.0505429 0.0453650 0.0543074 0.0346289 0.0588260 0.0347117 0.0662695 0.0340489 0.0109277 0.0132135 0.0432706 0.0374213 0.0357500 0.0221169 0.0025662 0.0249521 -0.0583929 -0.0636056 0.0268139 0.0217434 0.0366120 -0.0145307 0.0140848 -0.1239157 0.0163951 -0.0223443 0.0011442 0.0021859 0.0333421 -0.0731621 0.0190745 -0.0951030 -0.2882186 -0.2928233 -0.2898648 -0.2862805 -0.2864763 -0.2861394 -0.2881989 -0.2904399 -0.2916214 -0.2946144 -0.2953753 -0.2943246 -0.2958208 -0.2970799 -0.2968934 -0.2950741 -0.2986333 -0.2961758
0.0939213 0.0989807 0.0987084 0.0944753 0.0960952 0.0973177 0.1038226 0.1020127 0.1287756 0.1280415 0.1236155 0.1297681 0.1358368 0.8631915 0.1034518 0.0983967 -0.0022529 0.0178406 0.0190064 0.0053731 -0.0019000 0.0232128 0.0040444 0.0117486 0.0779400 0.0699874 0.0747811 0.0695839 0.0734566 0.0724029 0.0787151 0.0713423 0.0788131 0.0637246 0.0653844 0.0834018 0.0729070 0.0718257 0.0772589 0.0772913 0.0573724 0.0585979 0.0696393 0.0589927 0.0646912 0.0705477 0.0607138 0.0607544 -0.0054399 0.0470625 0.0302297 0.0146063 0.0300305 0.0369008 0.0408312 0.0189113 0.0143285 0.0237060 0.0629164 0.0340486 0.0669046 0.0552848 0.0558707 0.0523003 0.0425671 0.0517320 0.0335432 0.0609202 0.0349144 0.0641653 0.0328416 0.0076941 0.0145162 0.0419703 0.0384077 0.0370637 0.0242232 0.0013685 0.0231354 -0.0564986 -0.0618037 0.0254879 0.0227820 0.0345752 -0.0146540 0.0147136 -0.1213567 0.0157515 -0.0223228 0.0028853 0.0033517 0.0341019 -0.0719388 0.0237915 -0.0938174 -0.2830255 -0.2869510 -0.2843259 -0.2833669 -0.2829822 -0.2807866 -0.2835397 -0.2852933 -0.2867175 -0.2889550 -0.2894589 -0.2900379 -0.2887252 -0.2916973 -0.2918908 -0.2900504 -0.2917643 -0.2917400
0.0995712 0.1018906 0.1040092 0.0987055 0.1000318 0.1018180 0.1024380 0.1046664 0.1065960 0.0997058 0.1018345 0.1008419 0.1032936 0.1034518 0.8577081 0.1052568 -0.0015886 0.0163410 0.0171570 0.0044699 -0.0002129 0.0268825 0.0048631 0.0106252 0.0760674 0.0758984 0.0802425 0.0693935 0.0734971 0.0757399 0.0837986 0.0711223 0.0832570 0.0641934 0.0702058 0.0807399 0.0718631 0.0771485 0.0785503 0.0773813 0.0591906 0.0601414 0.0682685 0.0597046 0.0646035 0.0737038 0.0565698 0.0607822 -0.0046467 0.0484406 0.0338403 0.0158458 0.0321135 0.0421757 0.0437627 0.0161787 0.0188806 0.0286556 0.0643831 0.0370031 0.0673038 0.0573827 0.0555269 0.0499725 0.0431942 0.0513430 0.0360901 0.0613561 0.0343026 0.0663366 0.0356049 0.0129545 0.0168379 0.0408257 0.0372087 0.0338850 0.0222307 0.0019023 0.0254116 -0.0521254 -0.0597463 0.0308240 0.0293772 0.0376103 -0.0097727 0.0160703 -0.1216793 0.0186468 -0.0198181 0.0035386 0.0039451 0.0315740 -0.0656511 0.0188074 -0.0899112 -0.2808139 -0.2867884 -0.2854225 -0.2829193 -0.2821214 -0.2800685 -0.2840984 -0.2852031 -0.2855776 -0.2897975 -0.2890973 -0.2894669 -0.2892681 -0.2897452 -0.2912852 -0.2898953 -0.2915706 -0.2910154
0.0995839 0.1034028 0.1034042 0.0998505 0.1026634 0.1037830 0.1066680 0.1049004 0.1086426 0.1036611 0.1013242 0.1073935 0.1046711 0.0983967 0.1052568 0.8575904 -0.0069936 0.0163780 0.0158355 0.0088812 -0.0014628 0.0226500 0.0047454 0.0115642 0.0795042 0.0804321 0.0816406 0.0700567 0.0763687 0.0777129 0.0860351 0.0778044 0.0906299 0.0646793 0.0709976 0.0862344 0.0727379 0.0784792 0.0806031 0.0772961 0.0624605 0.0626393 0.0740990 0.0578836 0.0655573 0.0753513 0.0624173 0.0596701 -0.0022703 0.0483512 0.0342378 0.0157175 0.0330050 0.0432272 0.0427516 0.0163573 0.0175574 0.0281292 0.0644009 0.0374070 0.0705357 0.0585542 0.0581956 0.0530383 0.0456837 0.0562633 0.0374177 0.0610255 0.0342258 0.0673585 0.0390079 0.0111171 0.0179382 0.0451135 0.0372428 0.0399282 0.0246215 0.0018389 0.0260139 -0.0520650 -0.0600739 0.0307697 0.0252011 0.0351510 -0.0086625 0.0167544 -0.1228822 0.0196291 -0.0191616 0.0028232 0.0032607 0.0346820 -0.0488241 0.0174102 -0.0923081 -0.2865131 -0.2910826 -0.2888513 -0.2844507 -0.2863253 -0.2834277 -0.2865308 -0.2890033 -0.2906165 -0.2933163 -0.2937430 -0.2940892 -0.2938985 -0.2952639 -0.2960055 -0.2949226 -0.2961401 -0.2948197
-0.0024590 -0.0060779 -0.0014929 -0.0017689 -0.0054312 -0.0033659 -0.0057241 -0.0041426 -0.0047350 -0.0061830 -0.0038957 -0.0057490 -0.0081735 -0.0022529 -0.0015886 -0.0069936 0.9594410 0.0113381 0.0138417 0.0256731 0.0222093 0.0069351 0.0119606 0.0277194 -0.0108525 -0.0109475 -0.0118117 -0.0052724 -0.0125933 -0.0107903 -0.0141827 -0.0168998 -0.0153672 -0.0027022 -0.0043874 -0.0108636 -0.0066448 -0.0065407 -0.0105306 -0.0103774 -0.0026084 -0.0042029 -0.0140372 -0.0103074 -0.0118048 -0.0051347 -0.0033696 -0.0146806 0.0015338 -0.0119902 -0.0079151 -0.0037311 -0.0186918 -0.0046994 -0.0000612 -0.0112221 -0.0025100 -0.0108910 -0.0162507 -0.0087038 -0.0096773 -0.0159691 -0.0145943 -0.0112012 -0.0103741 -0.0098578 -0.0146950 -0.0142674 -0.0107978 -0.0116637 -0.0115317 -0.0060442 -0.0035641 -0.0071420 -0.0077039 -0.0129301 -0.0078219 -0.0129241 -0.0054995 -0.0025494 -0.0025102 -0.0075271 -0.0014270 -0.0079529 -0.0045439 -0.0111150 -0.0037978 -0.0058800 -0.0041134 -0.0210937 -0.0201123 -0.0191616 -0.0085505 -0.0027026 -0.0031622 0.0070003 0.0057893 0.0068673 0.0073019 0.0066973 0.0063714 0.0078798 0.0076126 0.0061427 0.0060974 0.0061147 0.0045655 0.0055310 0.0045305 0.0040675 0.0065108 -0.0001294 0.0041663
0.0162006 0.0202085 0.0152677 0.0167306 0.0178008 0.0156541 0.0175288 0.0151336 0.0169130 0.0160059 0.0163558 0.0178106 0.0170970 0.0178406 0.0163410 0.0163780 0.0113381 0.9295446 0.0268740 0.0227018 0.0142811 0.0186201 0.0171155 0.0192471 0.0078594 0.0006264 0.0043110 0.0035320 0.0082730 0.0029009 0.0036726 0.0013106 0.0045553 0.0099493 0.0015187 0.0037962 0.0057488 0.0052896 0.0049134 0.0021174 0.0068050 -0.0035450 0.0059922 0.0042583 0.0058735 0.0032690 0.0029266 0.0000292 -0.0089491 -0.0017787 0.0011646 -0.0136225 -0.0074389 0.0045765 -0.0067547 -0.0083263 -0.0043291 -0.0012569 -0.0001319 -0.0012684 0.0012300 -0.0039846 -0.0037809 -0.0000300 -0.0008325 -0.0020184 -0.0046600 -0.0005321 -0.0076312 0.0018054 -0.0046619 -0.0018444 -0.0025879 0.0018047 0.0009305 0.0078915 -0.0043042 -0.0033031 0.0025893 -0.0140826 -0.0169613 0.0013965 0.0024859 -0.0004439 -0.0033411 0.0023900 -0.0244425 -0.0057701 -0.0101604 -0.0107872 -0.0100556 -0.0008655 -0.0145564 -0.0079607 -0.0155097 -0.0484773 -0.0527170 -0.0504598 -0.0479723 -0.0494948 -0.0486470 -0.0509310 -0.0516224 -0.0495537 -0.0508460 -0.0527460 -0.0545852 -0.0553979 -0.0544695 -0.0536413 -0.0535995 -0.0575164 -0.0523904
0.0137648 0.0184354 0.0193013 0.0165073 0.0151674 0.0174208 0.0195470 0.0206290 0.0169185 0.0134296 0.0181566 0.0170013 0.0167891 0.0190064 0.0171570 0.0158355 0.0138417 0.0268740 0.9381504 0.0200175 0.0224817 0.0211737 0.0139145 0.0213844 0.0065989 0.0064893 0.0090470 0.0037400 0.0049061 0.0028068 0.0044869 0.0009689 0.0034641 0.0096690 -0.0028595 0.0091965 0.0037091 0.0038689 0.0046374 0.0078012 0.0041649 -0.0012468 0.0026038 0.0002355 0.0131716 0.0055748 0.0010014 0.0011312 -0.0039889 0.0019704 0.0000054 -0.0132999 -0.0014495 0.0030435 0.0002891 -0.0001624 -0.0080906 -0.0054776 -0.0014930 0.0016120 0.0004134 -0.0025427 -0.0010376 0.0055754 -0.0024119 -0.0017259 -0.0029134 0.0021173 -0.0100631 0.0026339 -0.0095878 -0.0115400 -0.0057194 0.0028273 -0.0008539 0.0002431 -0.0028615 -0.0092001 -0.0033315 -0.0118482 -0.0101739 -0.0053362 0.0054272 -0.0076556 -0.0086993 -0.0025380 -0.0288775 -0.0054539 -0.0220292 -0.0101808 -0.0109098 -0.0024457 -0.0184502 -0.0051168 -0.0243157 -0.0474524 -0.0512421 -0.0503387 -0.0485712 -0.0473295 -0.0475278 -0.0488842 -0.0492690 -0.0513899 -0.0491380 -0.0512383 -0.0538005 -0.0518670 -0.0521395 -0.0542457 -0.0512222 -0.0528677 -0.0543707
0.0062074 0.0088833 0.0034304 0.0043249 0.0052366 0.0052196 0.0089533 0.0067118 0.0098379 0.0094756 0.0061827 0.0077229 0.0069073 0.0053731 0.0044699 0.0088812 0.0256731 0.0227018 0.0200175 0.9607976 0.0143624 0.0258372 0.0307476 0.0187556 -0.0028777 -0.0046184 -0.0040527 -0.0046003 -0.0052277 -0.0067552 -0.0089928 -0.0082143 -0.0057360 0.0028824 -0.0055419 -0.0015161 0.0016173 -0.0049867 -0.0038439 -0.0061366 -0.0076759 -0.0094069 -0.0108196 -0.0068654 -0.0022717 -0.0080192 -0.0110418 -0.0020911 -0.0049062 -0.0028793 -0.0014642 -0.0047857 0.0006138 -0.0036376 -0.0063133 -0.0181100 -0.0072819 -0.0035491 -0.0070733 -0.0009479 -0.0071636 -0.0106980 -0.0100506 -0.0115533 -0.0037564 -0.0095867 -0.0057684 -0.0022675 -0.0155796 -0.0023803 -0.0111836 -0.0129692 -0.0079218 0.0071117 0.0002541 -0.0111727 -0.0100435 -0.0133422 -0.0088475 -0.0104367 -0.0232158 -0.0094770 -0.0172614 -0.0040615 -0.0166544 -0.0072875 -0.0101616 -0.0029326 -0.0067951 -0.0087023 -0.0083043 -0.0057428 -0.0060085 -0.0231752 -0.0089016 -0.0194244 -0.0228560 -0.0199648 -0.0185953 -0.0168742 -0.0195677 -0.0207893 -0.0172278 -0.0181858 -0.0194217 -0.0189547 -0.0210392 -0.0192458 -0.0217199 -0.0199638 -0.0204672 -0.0220010 -0.0240340
0.0019300 -0.0023692 -0.0014557 -0.0028981 -0.0016961 -0.0021254 -0.0013417 -0.0010372 -0.0025275 -0.0022796 -0.0015207 -0.0036839 -0.0030788 -0.0019000 -0.0002129 -0.0014628 0.0222093 0.0142811 0.0224817 0.0143624 0.9696407 0.0189208 0.0163555 0.0242050 -0.0111597 -0.0083113 -0.0043632 -0.0103575 -0.0111556 -0.0154769 -0.0090600 -0.0160927 -0.0157800 -0.0027241 -0.0138698 -0.0108031 -0.0160905 -0.0076625 -0.0111099 -0.0090426 -0.0047977 -0.0108181 -0.0132807 -0.0115169 -0.0084759 -0.0081460 -0.0095791 -0.0178637 -0.0022194 -0.0059311 -0.0115140 -0.0031109 -0.0079816 -0.0127900 -0.0151043 -0.0131740 -0.0104481 -0.0159392 -0.0176457 -0.0101387 -0.0136052 -0.0106597 -0.0117132 -0.0073389 -0.0112172 -0.0145784 -0.0122631 -0.0193830 -0.0150173 -0.0076108 -0.0100601 -0.0082082 -0.0076593 -0.0060572 -0.0058965 -0.0182498 -0.0097395 -0.0012885 -0.0130865 -0.0065587 -0.0074362 -0.0103370 -0.0098458 -0.0049886 -0.0109248 -0.0150745 0.0004462 -0.0065605 -0.0036769 -0.0147040 -0.0150174 -0.0052792 -0.0034967 -0.0029109 -0.0068485 0.0052443 0.0055489 0.0074478 0.0072865 0.0076510 0.0065612 0.0061548 0.0067384 0.0056173 0.0057069 0.0042029 0.0038051 0.0053077 0.0025779 0.0041620 0.0042978 0.0002844 0.0038643
0.0247177 0.0238234 0.0229627 0.0217076 0.0229621 0.0220369 0.0228996 0.0248565 0.0216633 0.0203573 0.0198459 0.0224799 0.0225450 0.0232128 0.0268825 0.0226500 0.0069351 0.0186201 0.0211737 0.0258372 0.0189208 0.9415615 0.0213478 0.0275295 0.0047193 0.0104388 0.0092492 0.0116973 0.0047039 0.0034387 0.0067971 0.0042650 0.0059970 0.0125624 0.0049012 0.0095294 0.0062647 0.0103041 0.0036315 0.0100279 0.0037908 -0.0009813 0.0046471 0.0039534 0.0085234 0.0037997 0.0015432 0.0043960 -0.0026825 -0.0001445 0.0052554 -0.0016980 0.0086995 0.0004502 -0.0025629 -0.0084869 -0.0089246 0.0025661 0.0066947 0.0056169 -0.0010113 0.0023246 0.0028888 0.0007577 -0.0051425 -0.0022161 -0.0050368 0.0044218 -0.0065864 0.0056541 -0.0096509 -0.0069072 -0.0047448 0.0064406 0.0023231 -0.0001985 -0.0005951 0.0010177 0.0109978 -0.0164054 -0.0237622 -0.0054304 -0.0077693 0.0051424 -0.0136328 -0.0007733 -0.0294075 -0.0028822 -0.0147848 -0.0050457 -0.0041164 -0.0011256 -0.0176137 -0.0079065 -0.0235805 -0.0630882 -0.0646469 -0.0642457 -0.0613582 -0.0617644 -0.0628087 -0.0606805 -0.0625008 -0.0641873 -0.0636569 -0.0633830 -0.0636606 -0.0627686 -0.0650656 -0.0632336 -0.0670240 -0.0666545 -0.0663699
0.0033429 0.0051603 0.0037723 0.0047167 0.0050495 0.0037968 0.0049154 0.0049151 0.0065027 0.0049959 0.0049724 0.0058361 0.0048390 0.0040444 0.0048631 0.0047454 0.0119606 0.0171155 0.0139145 0.0307476 0.0163555 0.0213478 0.9460896 0.0218846 -0.0041293 -0.0079365 -0.0070047 -0.0067848 -0.0067286 -0.0071642 -0.0029793 -0.0076715 -0.0063182 0.0014771 -0.0072913 -0.0073115 -0.0071619 -0.0054452 -0.0086390 -0.0060732 -0.0012787 -0.0070824 -0.0072508 -0.0049162 -0.0075524 -0.0036330 -0.0089296 -0.0063867 -0.0097174 -0.0040195 -0.0006759 -0.0041791 -0.0063860 -0.0056649 -0.0097680 -0.0098189 -0.0142190 0.0005692 -0.0052031 -0.0031205 -0.0109246 -0.0093984 -0.0077464 -0.0125568 -0.0105471 -0.0057211 -0.0113040 -0.0072007 -0.0129312 -0.0045673 -0.0161637 -0.0089752 -0.0114436 0.0021853 -0.0063308 -0.0124769 -0.0075790 -0.0116849 -0.0040738 -0.0049513 -0.0160192 -0.0060205 -0.0091766 -0.0004702 -0.0075434 -0.0063183 -0.0147101 0.0029531 -0.0044446 -0.0134570 -0.0127163 -0.0089808 -0.0100785 -0.0111513 -0.0069446 -0.0116968 -0.0121234 -0.0134924 -0.0081790 -0.0117781 -0.0088999 -0.0102705 -0.0104472 -0.0115419 -0.0110433 -0.0131765 -0.0140268 -0.0116440 -0.0125762 -0.0124400 -0.0139317 -0.0159784 -0.0110830
0.0147733 0.0099100 0.0101694 0.0130071 0.0112718 0.0105422 0.0072976 0.0074221 0.0108636 0.0123760 0.0094179 0.0091111 0.0095936 0.0117486 0.0106252 0.0115642 0.0277194 0.0192471 0.0213844 0.0187556 0.0242050 0.0275295 0.0218846 0.9425921 0.0038256 0.0077942 0.0004004 0.0052611 0.0007486 -0.0008525 -0.0001908 0.0015144 -0.0015669 0.0072244 -0.0047347 0.0035637 0.0029294 0.0058635 0.0035339 0.0002282 0.0048613 -0.0027383 -0.0025199 -0.0001221 0.0042644 0.0037006 0.0027050 -0.0056363 -0.0079001 -0.0017066 0.0027540 0.0003599 -0.0047166 -0.0018387 0.0025738 -0.0090472 -0.0053699 -0.0045381 -0.0028416 -0.0073574 0.0006470 -0.0024809 -0.0017830 -0.0064674 -0.0063564 -0.0071248 -0.0067511 -0.0054884 -0.0040158 0.0054657 -0.0050215 -0.0012786 -0.0019994 -0.0014391 -0.0013751 -0.0019227 0.0000998 -0.0016418 -0.0080536 -0.0131872 -0.0223076 -0.0074238 -0.0027022 -0.0025991 -0.0039530 -0.0078524 -0.0181210 -0.0084075 -0.0157007 -0.0042616 -0.0046388 -0.0069143 -0.0143533 -0.0070979 -0.0153199 -0.0396974 -0.0398704 -0.0411052 -0.0372596 -0.0367479 -0.0373378 -0.0366652 -0.0371614 -0.0380157 -0.0398703 -0.0398932 -0.0386798 -0.0427751 -0.0413987 -0.0404958 -0.0411041 -0.0429083 -0.0412744
0.0763271 0.0776776 0.0768309 0.0772828 0.0794756 0.0803380 0.0795789 0.0802659 0.0803643 0.0765182 0.0749833 0.0755881 0.0765169 0.0779400 0.0760674 0.0795042 -0.0108525 0.0078594 0.0065989 -0.0028777 -0.0111597 0.0047193 -0.0041293 0.0038256 0.8477594 0.0749548 0.0783420 0.0874640 0.0993744 0.1102078 0.1121031 0.0918675 0.0824333 0.0588407 0.0655140 0.0818349 0.0705756 0.0698872 0.0717720 0.0772816 0.0535424 0.0553741 0.0688092 0.0555104 0.0630791 0.0679413 0.0552465 0.0551900 -0.0041657 0.0401995 0.0264380 0.0175728 0.0280019 0.0379049 0.0345819 0.0222654 0.0204176 0.0227265 0.0612187 0.0339629 0.0603572 0.0504896 0.0506203 0.0545991 0.0438055 0.0533913 0.0367607 0.0566659 0.0427061 0.0652655 0.0388424 0.0137485 0.0140077 0.0377527 0.0359145 0.0397481 0.0234984 0.0070798 0.0206476 -0.0420544 -0.0560464 0.0293754 0.0308669 0.0394008 -0.0107083 0.0167551 -0.1115863 0.0232516 -0.0132978 0.0062295 0.0049547 0.0348576 -0.0658312 0.0223374 -0.0860542 -0.2617723 -0.2671966 -0.2624070 -0.2621303 -0.2611184 -0.2609339 -0.2602701 -0.2649398 -0.2646224 -0.2692549 -0.2682518 -0.2681512 -0.2707400 -0.2708584 -0.2711333 -0.2677885 -0.2716301 -0.2697368
0.0748610 0.0764664 0.0765043 0.0738536 0.0760913 0.0784354 0.0783831 0.0800475 0.0755419 0.0742754 0.0731002 0.0724960 0.0746417 0.0699874 0.0758984 0.0804321 -0.0109475 0.0006264 0.0064893 -0.0046184 -0.0083113 0.0104388 -0.0079365 0.0077942 0.0749548 0.8544971 0.1079500 0.0646319 0.0793922 0.0722809 0.0824931 0.0738417 0.0826070 0.0582162 0.0619773 0.0818740 0.0672379 0.0685460 0.0721616 0.0764080 0.0527292 0.0583956 0.0637072 0.0510302 0.0562723 0.0687398 0.0569070 0.0543640 -0.0001944 0.0476186 0.0310477 0.0163008 0.0381477 0.0436489 0.0467339 0.0165193 0.0214131 0.0260472 0.0620194 0.0367053 0.0722378 0.0573357 0.0568246 0.0528317 0.0436274 0.0504801 0.0321325 0.0547944 0.0358244 0.0631417 0.0352610 0.0131195 0.0203232 0.0413412 0.0413299 0.0332924 0.0263588 0.0037299 0.0269632 -0.0379186 -0.0504443 0.0344560 0.0264570 0.0409288 -0.0032501 0.0251349 -0.1178044 0.0225509 -0.0144973 0.0068448 0.0070812 0.0366146 -0.0594187 0.0191717 -0.0798233 -0.2546414 -0.2613603 -0.2588313 -0.2550772 -0.2569736 -0.2549088 -0.2586993 -0.2595929 -0.2596520 -0.2635659 -0.2626159 -0.2635899 -0.2635131 -0.2624043 -0.2668436 -0.2639387 -0.2643524 -0.2644069
0.0750632 0.0783814 0.0805222 0.0773011 0.0799705 0.0798831 0.0806997 0.0803105 0.0788794 0.0753459 0.0756426 0.0770859 0.0803036 0.0747811 0.0802425 0.0816406 -0.0118117 0.0043110 0.0090470 -0.0040527 -0.0043632 0.0092492 -0.0070047 0.0004004 0.0783420 0.1079500 0.8509198 0.0713123 0.0761137 0.0821702 0.0817666 0.0801379 0.0794463 0.0586780 0.0634588 0.0768011 0.0724564 0.0679234 0.0726428 0.0765260 0.0546084 0.0581201 0.0676641 0.0563501 0.0589482 0.0657889 0.0589092 0.0559459 -0.0030702 0.0447679 0.0248586 0.0197033 0.0324354 0.0362374 0.0400683 0.0153273 0.0200348 0.0291252 0.0614366 0.0418746 0.0681787 0.0567482 0.0561325 0.0592402 0.0494186 0.0478855 0.0362948 0.0558698 0.0387740 0.0669407 0.0432556 0.0137732 0.0131928 0.0409568 0.0417784 0.0380194 0.0232505 0.0037629 0.0255353 -0.0482695 -0.0543468 0.0350888 0.0286464 0.0372066 -0.0007691 0.0211780 -0.1109239 0.0203575 -0.0135145 0.0049217 0.0042808 0.0346003 -0.0606070 0.0250829 -0.0786499 -0.2610348 -0.2664943 -0.2629942 -0.2592110 -0.2616095 -0.2588144 -0.2615254 -0.2622498 -0.2642673 -0.2668917 -0.2663969 -0.2685874 -0.2680441 -0.2683324 -0.2696565 -0.2671088 -0.2697683 -0.2680932
0.0637751 0.0668907 0.0713434 0.0695155 0.0687286 0.0690737 0.0711950 0.0707060 0.0711376 0.0696804 0.0697471 0.0694008 0.0695102 0.0695839 0.0693935 0.0700567 -0.0052724 0.0035320 0.0037400 -0.0046003 -0.0103575 0.0116973 -0.0067848 0.0052611 0.0874640 0.0646319 0.0713123 0.8600088 0.0993191 0.0823215 0.0822118 0.0905656 0.0649502 0.0533474 0.0550333 0.0731685 0.0673750 0.0634433 0.0661035 0.0592665 0.0566308 0.0554800 0.0634738 0.0498655 0.0533541 0.0678167 0.0634399 0.0545847 -0.0060794 0.0373606 0.0318321 0.0180315 0.0342553 0.0433501 0.0367779 0.0113543 0.0207106 0.0208873 0.0575052 0.0289052 0.0612172 0.0523630 0.0529391 0.0501720 0.0399251 0.0452711 0.0260024 0.0550793 0.0363161 0.0614384 0.0317956 0.0157680 0.0230846 0.0321282 0.0336193 0.0317943 0.0202103 0.0015930 0.0180703 -0.0419067 -0.0490802 0.0276107 0.0257174 0.0332442 -0.0078006 0.0172963 -0.1029299 0.0188047 -0.0212928 0.0033962 0.0035271 0.0247706 -0.0639944 0.0174104 -0.0778219 -0.2385778 -0.2434142 -0.2423697 -0.2371196 -0.2370294 -0.2363156 -0.2388176 -0.2410260 -0.2431182 -0.2475486 -0.2443059 -0.2454944 -0.2464820 -0.2446434 -0.2479466 -0.2448760 -0.2482050 -0.2477764
0.0697108 0.0727758 0.0725508 0.0718356 0.0726684 0.0747478 0.0741534 0.0743183 0.0738966 0.0715374 0.0730987 0.0719582 0.0734420 0.0734566 0.0734971 0.0763687 -0.0125933 0.0082730 0.0049061 -0.0052277 -0.0111556 0.0047039 -0.0067286 0.0007486 0.0993744 0.0793922 0.0761137 0.0993191 0.8545843 0.0920887 0.0887967 0.0987229 0.0713606 0.0562107 0.0579262 0.0736775 0.0649305 0.0679476 0.0709579 0.0673491 0.0537676 0.0481941 0.0628198 0.0516819 0.0535172 0.0631160 0.0528650 0.0537896 0.0068444 0.0395647 0.0305772 0.0087676 0.0348317 0.0426002 0.0385159 0.0159248 0.0197000 0.0277452 0.0594912 0.0322776 0.0676383 0.0559321 0.0555701 0.0554353 0.0416195 0.0505104 0.0327059 0.0532235 0.0353779 0.0630766 0.0351938 0.0156175 0.0168229 0.0386289 0.0361919 0.0327556 0.0222706 0.0029911 0.0249458 -0.0403038 -0.0487664 0.0320314 0.0230492 0.0369514 -0.0082718 0.0133003 -0.1091335 0.0155173 -0.0155014 0.0075450 0.0077761 0.0293803 -0.0634350 0.0183025 -0.0793673 -0.2466905 -0.2537514 -0.2507968 -0.2484401 -0.2488320 -0.2474038 -0.2495283 -0.2525462 -0.2526462 -0.2553802 -0.2565934 -0.2551593 -0.2567952 -0.2565067 -0.2577587 -0.2565882 -0.2578909 -0.2574510
0.0718777 0.0750670 0.0777993 0.0740234 0.0760903 0.0783555 0.0797565 0.0772630 0.0778382 0.0734926 0.0737212 0.0730970 0.0754025 0.0724029 0.0757399 0.0777129 -0.0107903 0.0029009 0.0028068 -0.0067552 -0.0154769 0.0034387 -0.0071642 -0.0008525 0.1102078 0.0722809 0.0821702 0.0823215 0.0920887 0.8532414 0.1098863 0.0886739 0.0719032 0.0584236 0.0638807 0.0775052 0.0715672 0.0780998 0.0705505 0.0749508 0.0532073 0.0572196 0.0718986 0.0559960 0.0621667 0.0669809 0.0591652 0.0650473 -0.0004046 0.0398426 0.0264086 0.0183726 0.0340386 0.0401598 0.0466276 0.0168408 0.0174714 0.0251037 0.0597553 0.0324069 0.0700377 0.0589117 0.0597902 0.0591508 0.0425302 0.0524721 0.0353889 0.0657294 0.0431103 0.0699277 0.0398797 0.0133409 0.0208064 0.0352647 0.0328464 0.0449673 0.0206293 0.0056898 0.0246385 -0.0443843 -0.0513705 0.0358235 0.0296121 0.0369267 -0.0054265 0.0217361 -0.1143813 0.0215360 -0.0173217 0.0079257 0.0077292 0.0330568 -0.0629697 0.0213568 -0.0844671 -0.2590174 -0.2663087 -0.2621139 -0.2601161 -0.2604908 -0.2586383 -0.2603229 -0.2626897 -0.2629797 -0.2671883 -0.2669019 -0.2670260 -0.2664974 -0.2686927 -0.2678356 -0.2677084 -0.2697757 -0.2687056
0.0805311 0.0825380 0.0862643 0.0809871 0.0857536 0.0818853 0.0852408 0.0852491 0.0833876 0.0799114 0.0814588 0.0809058 0.0822865 0.0787151 0.0837986 0.0860351 -0.0141827 0.0036726 0.0044869 -0.0089928 -0.0090600 0.0067971 -0.0029793 -0.0001908 0.1121031 0.0824931 0.0817666 0.0822118 0.0887967 0.1098863 0.8521498 0.0910157 0.0831847 0.0631064 0.0675015 0.0870667 0.0776054 0.0802585 0.0810421 0.0814662 0.0616349 0.0600258 0.0754185 0.0587199 0.0651798 0.0783147 0.0617018 0.0659933 -0.0075013 0.0507815 0.0319689 0.0260676 0.0389819 0.0435517 0.0488972 0.0218364 0.0176703 0.0257128 0.0735793 0.0362463 0.0694704 0.0584269 0.0586528 0.0548702 0.0477082 0.0545650 0.0386777 0.0667801 0.0432663 0.0775014 0.0404442 0.0121038 0.0201067 0.0442897 0.0424779 0.0391717 0.0248613 0.0044112 0.0254761 -0.0454184 -0.0574522 0.0343264 0.0300697 0.0424696 -0.0089895 0.0209858 -0.1180474 0.0244598 -0.0159046 0.0106215 0.0104094 0.0371281 -0.0713485 0.0322073 -0.0908298 -0.2784913 -0.2845637 -0.2791320 -0.2784297 -0.2783535 -0.2762081 -0.2794104 -0.2809681 -0.2828064 -0.2851163 -0.2854588 -0.2852268 -0.2855024 -0.2866345 -0.2861173 -0.2868225 -0.2875069 -0.2859731
0.0690998 0.0740075 0.0731159 0.0715313 0.0735203 0.0721842 0.0753225 0.0753470 0.0756664 0.0716247 0.0701955 0.0717897 0.0733496 0.0713423 0.0711223 0.0778044 -0.0168998 0.0013106 0.0009689 -0.0082143 -0.0160927 0.0042650 -0.0076715 0.0015144 0.0918675 0.0738417 0.0801379 0.0905656 0.0987229 0.0886739 0.0910157 0.8518623 0.0769438 0.0557125 0.0561085 0.0795018 0.0685942 0.0668320 0.0724929 0.0662631 0.0503821 0.0540115 0.0631068 0.0510877 0.0555623 0.0670798 0.0571467 0.0544008 -0.0042127 0.0429213 0.0255010 0.0208777 0.0289796 0.0443031 0.0421962 0.0203686 0.0188053 0.0281113 0.0560749 0.0371615 0.0646470 0.0591509 0.0593359 0.0508029 0.0403696 0.0479220 0.0382257 0.0547732 0.0386590 0.0656422 0.0440869 0.0154432 0.0190761 0.0331040 0.0325566 0.0407596 0.0249605 0.0047985 0.0206303 -0.0397135 -0.0493158 0.0313010 0.0233904 0.0351706 -0.0058227 0.0175457 -0.1055783 0.0159052 -0.0124736 -0.0017881 -0.0012351 0.0291204 -0.0577577 0.0288668 -0.0787773 -0.2491783 -0.2538872 -0.2499624 -0.2485494 -0.2476128 -0.2474449 -0.2493074 -0.2513571 -0.2520352 -0.2545869 -0.2548728 -0.2564872 -0.2569385 -0.2576655 -0.2578989 -0.2569791 -0.2582544 -0.2563414
0.0805923 0.0801338 0.0840634 0.0814432 0.0834910 0.0852550 0.0858308 0.0871555 0.0845001 0.0826826 0.0811105 0.0819858 0.0849342 0.0788131 0.0832570 0.0906299 -0.0153672 0.0045553 0.0034641 -0.0057360 -0.0157800 0.0059970 -0.0063182 -0.0015669 0.0824333 0.0826070 0.0794463 0.0649502 0.0713606 0.0719032 0.0831847 0.0769438 0.8511250 0.0635071 0.0746381 0.0944758 0.0752918 0.0848843 0.0894456 0.0878778 0.0599611 0.0660280 0.0775150 0.0619246 0.0666800 0.0695202 0.0598924 0.0700183 0.0001237 0.0572743 0.0355442 0.0200321 0.0404018 0.0454016 0.0473974 0.0225334 0.0236377 0.0291724 0.0742903 0.0381728 0.0735312 0.0634502 0.0623670 0.0624044 0.0520805 0.0585852 0.0435254 0.0687129 0.0442592 0.0723000 0.0437797 0.0177725 0.0185885 0.0494409 0.0433455 0.0413540 0.0300592 0.0086338 0.0276926 -0.0421760 -0.0523104 0.0357466 0.0306006 0.0423132 -0.0038789 0.0293724 -0.1218526 0.0296968 -0.0112959 0.0096372 0.0092088 0.0376744 -0.0690883 0.0211973 -0.0789120 -0.2825055 -0.2848548 -0.2835403 -0.2821164 -0.2815437 -0.2795967 -0.2815379 -0.2848578 -0.2854725 -0.2898733 -0.2888992 -0.2897137 -0.2896226 -0.2905633 -0.2908039 -0.2885635 -0.2897985 -0.2901382
0.0625265 0.0648104 0.0658124 0.0630014 0.0653303 0.0650007 0.0673490 0.0669783 0.0656479 0.0636191 0.0628049 0.0642201 0.0651985 0.0637246 0.0641934 0.0646793 -0.0027022 0.0099493 0.0096690 0.0028824 -0.0027241 0.0125624 0.0014771 0.0072244 0.0588407 0.0582162 0.0586780 0.0533474 0.0562107 0.0584236 0.0631064 0.0557125 0.0635071 0.9223500 0.0515616 0.0630623 0.0559269 0.0563139 0.0594778 0.0584952 0.0457578 0.0463494 0.0543564 0.0438985 0.0485130 0.0535607 0.0470090 0.0495797 0.0022590 0.0389798 0.0278261 0.0158706 0.0301707 0.0327038 0.0357236 0.0163908 0.0181946 0.0219685 0.0518454 0.0304000 0.0548280 0.0475419 0.0474610 0.0437034 0.0374057 0.0424748 0.0310377 0.0503214 0.0324527 0.0522295 0.0326659 0.0137656 0.0166657 0.0355502 0.0336704 0.0308652 0.0229091 0.0078729 0.0233145 -0.0315514 -0.0370626 0.0273147 0.0239602 0.0327632 -0.0006573 0.0190429 -0.0836234 0.0206392 -0.0082571 0.0120315 0.0116304 0.0294549 -0.0459935 0.0201526 -0.0598628 -0.2003870 -0.2042459 -0.2018964 -0.2005065 -0.2002547 -0.1981822 -0.2003423 -0.2022791 -0.2035719 -0.2068259 -0.2058531 -0.2071963 -0.2066921 -0.2077712 -0.2084264 -0.2072439 -0.2090982 -0.2076492
